0 -1.68641e-13 1.77292e-12 -6.07267e-14 -3.96395e-13 -7.72347e-12 6.70777e-11 1
1 0.329608 0.0120863 0.00552164 -0.000734896 0.000192569 -0.00148657 0.999999
2 0.729615 0.0120764 0.00552209 -0.00027352 0.00019093 -0.0015162 0.999999
3 1.88269 -0.000857654 0.0242253 -0.000166341 0.000407868 -0.00238743 0.999997
4 3.14989 -0.00671749 0.0447864 9.19597e-05 0.000489943 -0.00267395 0.999996
5 4.36445 -0.0142014 0.0562899 0.000226153 0.000375423 -0.00310099 0.999995
6 5.55407 -0.0155588 0.0760443 0.000377537 0.000109619 -0.00355714 0.999994
7 6.77785 -0.0115563 0.0942535 1.70257e-05 -6.28409e-05 -0.00385613 0.999993
8 7.98321 -0.0199359 0.111341 0.000110796 0.000536323 -0.00408187 0.999992
9 9.18336 -0.0216823 0.123114 0.000595148 0.00100113 -0.00357938 0.999993
10 10.395 -0.0199987 0.142496 0.00126913 0.000791718 -0.00232848 0.999996
11 11.5794 -0.0210575 0.157669 0.00132094 0.000576996 -0.00135954 0.999998
12 12.7899 -0.0159552 0.180296 0.00101159 0.000553932 -0.00059458 0.999999
13 13.9762 -0.00725217 0.192502 0.000245134 0.000498416 -8.31683e-05 1
14 15.1871 -0.00404704 0.213449 0.000248691 0.000541066 3.82044e-05 1
15 16.3902 -0.00851335 0.22819 0.000656266 0.000695856 7.83286e-05 1
16 17.5941 0.00185569 0.241842 0.000800235 0.000856145 0.000519674 0.999999
17 18.7922 0.00615407 0.262306 0.000695593 0.000391135 0.000573161 1
18 19.9828 0.0199776 0.274451 0.000637557 2.84022e-05 0.000976564 0.999999
19 21.1817 0.0330036 0.290655 0.000479078 0.000229347 0.0014256 0.999999
20 22.3857 0.0342486 0.3068 0.000555363 0.000160447 0.00161341 0.999999
21 23.5854 0.0500453 0.324776 0.000426997 -0.000121512 0.00221104 0.999997
22 24.7883 0.0568128 0.342573 0.000248916 0.000147518 0.00244846 0.999997
23 25.9843 0.070408 0.354576 0.000909951 0.0010097 0.00295569 0.999995
24 27.1779 0.085088 0.373823 0.00120918 0.00118204 0.00344959 0.999993
25 28.3712 0.0963834 0.388869 0.00136322 0.000649249 0.00360488 0.999992
26 29.5728 0.106848 0.405216 0.00155456 0.000254878 0.00421029 0.99999
27 30.7786 0.122555 0.420669 0.00142145 0.000175187 0.00442234 0.999989
28 31.9676 0.142009 0.435996 0.00176858 0.00043295 0.00483638 0.999987
29 33.1699 0.157261 0.449776 0.0018898 0.000577775 0.00519767 0.999985
30 34.378 0.17606 0.471993 0.00233958 0.000551025 0.00521878 0.999983
31 35.5667 0.195233 0.484685 0.0021829 0.00047985 0.00564505 0.999982
32 36.7657 0.209208 0.503628 0.00272255 0.000830891 0.00555138 0.999981
33 37.975 0.229458 0.518816 0.00249454 0.00144185 0.0057 0.99998
34 39.1746 0.243423 0.530579 0.00240351 0.00186381 0.00557235 0.99998
35 40.3789 0.270025 0.546568 0.00203717 0.00169625 0.00552547 0.999981
36 41.5834 0.282577 0.562148 0.00136595 0.00165654 0.00545112 0.999983
37 42.7861 0.311684 0.567971 0.000293175 0.00249261 0.00499713 0.999984
38 43.9838 0.322288 0.581733 0.000176309 0.00401565 0.00438105 0.999982
39 45.1902 0.338203 0.587214 -0.000190909 0.0054298 0.00353781 0.999979
40 46.3885 0.351249 0.590696 -0.000219 0.00705866 0.00241228 0.999972
41 47.6019 0.359048 0.593567 -6.12342e-05 0.00788688 0.00201963 0.999967
42 48.8072 0.360315 0.594392 0.000529361 0.00719619 0.00113852 0.999973
43 50.0107 0.375907 0.597587 0.00025932 0.00630294 0.000392525 0.99998
44 51.2166 0.38622 0.584303 6.17512e-05 0.00605166 0.000268297 0.999982
45 52.4065 0.381668 0.599581 0.000296807 0.00590662 -6.07751e-05 0.999983
46 53.6274 0.393908 0.604078 0.000461176 0.00541228 0.00048037 0.999985
47 54.8256 0.40375 0.59994 0.00032842 0.00547518 0.00121837 0.999984
48 56.0281 0.404563 0.608443 0.000260257 0.00610749 0.00181465 0.99998
49 57.2458 0.424257 0.610681 0.000172021 0.0063153 0.00257987 0.999977
50 58.4501 0.431792 0.611645 -4.47651e-05 0.00617699 0.0028047 0.999977
51 59.6638 0.448218 0.615903 -0.000260445 0.00615337 0.00328812 0.999976
52 60.8627 0.461012 0.616294 9.90662e-05 0.00595328 0.00333266 0.999977
53 62.0692 0.467832 0.628726 0.000639042 0.00549977 0.00334248 0.999979
54 63.2672 0.487644 0.630295 0.000688878 0.00593293 0.00362658 0.999976
55 64.456 0.492467 0.628808 0.00099047 0.00678283 0.00362117 0.99997
56 65.6648 0.505299 0.6406 0.000688543 0.00621151 0.00384514 0.999973
57 66.8539 0.53192 0.644148 -0.000370544 0.00544066 0.00382361 0.999978
58 68.0519 0.549899 0.646525 -0.0013481 0.00557355 0.00383088 0.999976
59 69.2472 0.571882 0.652521 -0.00208705 0.00577216 0.00385161 0.999974
60 70.4297 0.587384 0.651696 -0.0029664 0.00589435 0.00355276 0.999972
61 71.6331 0.601199 0.659887 -0.0029667 0.00642057 0.00329512 0.99997
62 72.811 0.614285 0.655501 -0.00380559 0.00672093 0.00218601 0.999968
63 73.9733 0.623984 0.658747 -0.00326031 0.00594086 0.000652326 0.999977
64 75.1698 0.627585 0.682043 -0.00199018 0.00354492 -0.00054919 0.999992
65 76.3434 0.632494 0.681828 -0.00235243 0.00295757 -0.00200437 0.999991
66 77.522 0.634275 0.682768 -0.00197095 0.00483496 -0.00322807 0.999981
67 78.7069 0.62107 0.69434 -0.0014867 0.00567262 -0.00470018 0.999972
68 79.8801 0.609804 0.694154 -0.00223006 0.00472206 -0.00687162 0.999963
69 81.0482 0.599841 0.708915 -0.00168169 0.00339085 -0.00857505 0.999956
70 82.2007 0.582443 0.71912 -0.00128736 0.00170075 -0.0105293 0.999942
71 83.3552 0.562055 0.734672 -0.000815478 0.00121336 -0.0120755 0.999926
72 84.5182 0.532794 0.743903 -0.00053212 0.00205928 -0.0138146 0.999902
73 85.6937 0.506607 0.757016 -0.00103273 0.00234376 -0.015816 0.999872
74 86.8462 0.478269 0.771633 -0.000963843 0.001358 -0.0175858 0.999844
75 87.9839 0.438133 0.790426 -0.000997275 0.000194608 -0.0195734 0.999808
76 89.1367 0.398074 0.804132 -0.00106761 0.000139171 -0.0209757 0.999779
77 90.2895 0.347999 0.821718 -0.000289094 0.0005932 -0.0223999 0.999749
78 91.4493 0.295366 0.833271 5.01614e-05 0.00131016 -0.0239444 0.999712
79 92.5982 0.24166 0.846424 0.000418312 0.00219454 -0.0251439 0.999681
80 93.7612 0.190283 0.857933 0.00104859 0.00278105 -0.0264413 0.999646
81 94.9225 0.131304 0.872817 0.00160118 0.0017783 -0.027499 0.999619
82 96.0769 0.0709091 0.885673 0.00236539 6.54794e-05 -0.0285828 0.999589
83 97.235 0.00637229 0.896778 0.00207526 -0.00146957 -0.0298656 0.999551
84 98.406 -0.067084 0.911908 0.00199726 -0.00191631 -0.030707 0.999525
85 99.5801 -0.128543 0.930283 0.00200751 -0.00165145 -0.0311287 0.999512
86 100.75 -0.192294 0.94767 0.00190538 -0.000689415 -0.0306186 0.999529
87 101.931 -0.259404 0.966146 0.00231943 1.3814e-05 -0.0299806 0.999548
88 103.117 -0.324142 0.976855 0.00219554 0.00046624 -0.029194 0.999571
89 104.319 -0.38474 0.994855 0.00195001 0.000729876 -0.0278794 0.999609
90 105.521 -0.442098 1.00473 0.00177587 0.000707966 -0.0264402 0.999649
91 106.721 -0.494414 1.01705 0.00100901 0.00047578 -0.0245427 0.999698
92 107.932 -0.546816 1.03224 0.00092389 0.00073248 -0.0225048 0.999746
93 109.14 -0.59443 1.04049 0.000632966 0.0011946 -0.0207495 0.999784
94 110.362 -0.632831 1.05719 0.000641933 0.00170777 -0.0184017 0.999829
95 111.575 -0.6645 1.06813 0.000599433 0.00194088 -0.016339 0.999864
96 112.799 -0.692443 1.08341 0.000302722 0.00199863 -0.0136758 0.999904
97 114.023 -0.718434 1.09166 -3.71994e-05 0.00196384 -0.0111801 0.999936
98 115.248 -0.731863 1.10287 -0.000285214 0.00181976 -0.00886872 0.999959
99 116.474 -0.740394 1.11767 -0.000763738 0.00151566 -0.00634381 0.999978
100 117.707 -0.754807 1.12903 -0.00160124 0.00145111 -0.00470131 0.999987
101 118.942 -0.751603 1.13372 -0.00270832 0.00149214 -0.0034678 0.999989
102 120.181 -0.761747 1.15388 -0.00321309 0.00141263 -0.00279384 0.99999
103 121.417 -0.743209 1.16527 -0.00423167 0.00153751 -0.00257353 0.999987
104 122.664 -0.744316 1.173 -0.00489676 0.00193139 -0.00189789 0.999984
105 123.902 -0.74617 1.19263 -0.00508618 0.00221678 -0.00175196 0.999983
106 125.164 -0.735679 1.20177 -0.0066701 0.00319641 -0.00105553 0.999972
107 126.409 -0.733295 1.19406 -0.0073003 0.00457255 -0.000784779 0.999963
108 127.66 -0.73056 1.21098 -0.00654997 0.00473604 -0.000712364 0.999967
109 128.909 -0.722198 1.22088 -0.00677443 0.00400477 -0.000364549 0.999969
110 130.178 -0.721942 1.22067 -0.00552457 0.00424024 -0.000149113 0.999976
111 131.434 -0.720908 1.23349 -0.00415982 0.00528861 0.000462441 0.999977
112 132.704 -0.726501 1.23112 -0.00266996 0.00615008 0.00074162 0.999977
113 133.96 -0.725935 1.2333 -0.00162428 0.00683212 0.000554907 0.999975
114 135.231 -0.717489 1.24185 0.00029846 0.00607874 0.000704035 0.999981
115 136.502 -0.719214 1.24002 0.00128248 0.00541879 0.000548599 0.999984
116 137.774 -0.709052 1.24823 0.00224846 0.00542816 0.000534085 0.999983
117 139.057 -0.709259 1.24687 0.00225659 0.00553653 0.000530774 0.999982
118 140.335 -0.712753 1.25379 0.00205521 0.00642086 -5.44165e-05 0.999977
119 141.625 -0.687943 1.24535 0.00105094 0.00723896 -0.000119182 0.999973
120 142.892 -0.684505 1.25831 0.00106068 0.00661885 -0.000534261 0.999977
121 144.175 -0.686421 1.25506 0.000513968 0.00551834 -0.00103353 0.999984
122 145.446 -0.669908 1.25879 0.00074613 0.00457451 -0.0010391 0.999989
123 146.719 -0.681527 1.27461 0.00120851 0.00260359 -0.00142131 0.999995
124 147.988 -0.669284 1.28118 0.00103742 0.000799275 -0.00153257 0.999998
125 149.258 -0.680209 1.29922 0.00129059 0.000355219 -0.00146122 0.999998
126 150.534 -0.676751 1.3196 0.00145429 0.000501344 -0.00182638 0.999997
127 151.797 -0.671951 1.33259 0.00115792 0.000751793 -0.00157035 0.999998
128 153.071 -0.667123 1.35199 0.000885212 0.00121935 -0.00171229 0.999997
129 154.33 -0.663205 1.36547 0.000623032 0.00146069 -0.00141837 0.999998
130 155.605 -0.666452 1.38277 0.000480122 0.00139695 -0.00112022 0.999998
131 156.855 -0.658249 1.3968 0.000331479 0.00156562 -0.00111636 0.999998
132 158.132 -0.654408 1.41203 0.000642701 0.00205772 -0.000572623 0.999998
133 159.385 -0.663978 1.42376 0.000408448 0.00224567 -0.000343398 0.999997
134 160.665 -0.65382 1.43978 0.000108504 0.00191827 6.38769e-06 0.999998
135 161.915 -0.645552 1.45519 -0.00023556 0.00128691 0.000511052 0.999999
136 163.186 -0.635368 1.46369 -0.000453587 0.00114216 0.000503062 0.999999
137 164.439 -0.630638 1.4812 -0.000276849 0.000856214 0.00111553 0.999999
138 165.714 -0.61402 1.50005 -0.0005498 0.0003551 0.00126205 0.999999
139 166.988 -0.607649 1.51534 -0.000655911 0.000411872 0.00186251 0.999998
140 168.258 -0.592756 1.53142 -0.000672665 0.00110423 0.00221727 0.999997
141 169.518 -0.591366 1.54785 -0.000664824 0.00125489 0.00242574 0.999996
142 170.785 -0.572274 1.56314 -0.00109148 0.00147889 0.00272342 0.999995
143 172.046 -0.561954 1.5793 -0.0010294 0.00161574 0.00293108 0.999994
144 173.309 -0.542067 1.59308 -0.00138823 0.00134889 0.00327111 0.999993
145 174.581 -0.53299 1.6099 -0.00186996 0.00102601 0.00379136 0.999991
146 175.839 -0.513836 1.6219 -0.00185443 0.00112379 0.0036024 0.999991
147 177.111 -0.493424 1.63627 -0.00162906 0.00061833 0.0039002 0.999991
148 178.366 -0.484302 1.655 -0.00120669 -1.19597e-05 0.00373397 0.999992
149 179.635 -0.481853 1.68628 0.00014333 1.54359e-05 0.00388171 0.999992
150 180.896 -0.458968 1.69256 7.97673e-05 0.00168547 0.00414608 0.99999
151 182.164 -0.443432 1.70182 0.00103891 0.00379025 0.00403858 0.999984
152 183.42 -0.426587 1.71913 0.000460485 0.00374018 0.00409913 0.999984
153 184.684 -0.407495 1.72796 -0.000495076 0.00210906 0.00395003 0.99999
154 185.936 -0.391386 1.7437 -0.000810497 0.0012512 0.00415649 0.99999
155 187.181 -0.373696 1.75662 -0.000483254 0.0012854 0.00424155 0.99999
156 188.426 -0.360466 1.77044 -0.000301225 0.00185007 0.00401024 0.99999
157 189.673 -0.333648 1.78098 -0.000182617 0.00279802 0.00407766 0.999988
158 190.909 -0.322811 1.79943 5.85107e-05 0.00333311 0.00362737 0.999988
159 192.149 -0.30591 1.80677 3.66673e-05 0.00307686 0.00314656 0.99999
160 193.373 -0.300694 1.82684 0.000614677 0.00246026 0.00231984 0.999994
161 194.614 -0.296837 1.84224 0.000248191 0.0017234 0.00153601 0.999997
162 195.835 -0.283687 1.85935 0.000873144 0.00141541 0.00093659 0.999998
163 197.067 -0.269716 1.87501 0.000655384 0.00176616 0.000202938 0.999998
164 198.276 -0.27618 1.88775 0.000980215 0.00265866 -0.000310134 0.999996
165 199.474 -0.267464 1.9032 0.000773257 0.00297453 -0.000936025 0.999995
166 200.683 -0.26275 1.91681 0.000547623 0.00292941 -0.00171505 0.999994
167 201.868 -0.253558 1.9326 0.000342966 0.00307294 -0.00219148 0.999993
168 203.067 -0.262838 1.94367 0.000517686 0.00322457 -0.00289049 0.99999
169 204.248 -0.264107 1.95462 0.00034938 0.00313128 -0.00312686 0.99999
170 205.416 -0.259686 1.96321 0.000454564 0.00324821 -0.00346673 0.999989
171 206.591 -0.269071 1.98463 0.000926992 0.00330329 -0.00396055 0.999986
172 207.74 -0.275761 1.99284 0.000910673 0.00358445 -0.00387431 0.999986
173 208.861 -0.275414 2.00809 0.00136345 0.00410834 -0.00401443 0.999983
174 209.975 -0.274775 2.01826 0.00112514 0.00411762 -0.0034105 0.999985
175 211.082 -0.282497 2.03195 0.00103247 0.00377826 -0.0031308 0.999987
176 212.171 -0.286592 2.04402 0.000854115 0.00336547 -0.00306137 0.999989
177 213.243 -0.287985 2.057 0.00091951 0.00322245 -0.00257509 0.999991
178 214.297 -0.287461 2.07261 0.00128059 0.00329096 -0.00214584 0.999991
179 215.336 -0.280907 2.08112 0.00150285 0.00354906 -0.00114349 0.999992
180 216.365 -0.282773 2.09529 0.00196338 0.00431909 -0.000157781 0.999989
181 217.382 -0.278086 2.10099 0.00200156 0.00523056 0.000599683 0.999984
182 218.395 -0.260401 2.11276 0.00195334 0.00530106 0.00190319 0.999982
183 219.391 -0.256126 2.12186 0.00164035 0.00503237 0.00302467 0.999981
184 220.366 -0.245268 2.13223 0.00158021 0.00507725 0.00458097 0.999975
185 221.317 -0.225679 2.1412 0.00146385 0.00527794 0.00608943 0.999966
186 222.239 -0.208771 2.15035 0.00134183 0.00519977 0.00734852 0.999959
187 223.138 -0.189674 2.16113 0.0013545 0.00497886 0.00896975 0.999946
188 224.015 -0.167449 2.17418 0.0013744 0.00473458 0.0104796 0.999933
189 224.876 -0.142522 2.17865 0.000929277 0.00455803 0.0122475 0.999914
190 225.705 -0.111987 2.19197 0.000798628 0.00421509 0.0137234 0.999897
191 226.515 -0.0778802 2.19471 6.60875e-05 0.00420177 0.0147595 0.999882
192 227.312 -0.051104 2.20837 -0.000545976 0.00433931 0.0153275 0.999873
193 228.086 -0.0250701 2.21626 -0.0003753 0.0048058 0.0151309 0.999874
194 228.849 0.00294473 2.22542 -0.000506089 0.00527997 0.0147879 0.999877
195 229.597 0.0367731 2.23542 -0.000343157 0.00508318 0.0147661 0.999878
196 230.333 0.0563556 2.24022 -0.000608954 0.00414797 0.0144449 0.999887
197 231.057 0.0794315 2.24706 -0.000685353 0.00316785 0.0141111 0.999895
198 231.779 0.10654 2.25673 -0.000716038 0.00252654 0.013261 0.999909
199 232.506 0.123381 2.25983 -0.00103027 0.0022982 0.0126813 0.999916
200 233.223 0.144517 2.27205 -0.000798796 0.00219676 0.0118986 0.999926
201 233.938 0.160601 2.28072 -0.000658121 0.00216111 0.0108409 0.999939
202 234.652 0.180229 2.28784 -0.000668281 0.0020866 0.00985706 0.999949
203 235.358 0.196926 2.30107 -0.00066132 0.00190201 0.00876983 0.99996
204 236.067 0.209324 2.30223 -0.000582862 0.00213664 0.00752803 0.999969
205 236.769 0.213964 2.31273 -0.000236993 0.00238767 0.00596475 0.999979
206 237.466 0.219915 2.32538 0.000226684 0.00271288 0.00431291 0.999987
207 238.173 0.226544 2.33052 0.000532852 0.00278002 0.00287975 0.999992
208 238.861 0.238944 2.34212 0.000655233 0.00266524 0.00131589 0.999995
209 239.557 0.234861 2.3476 0.000608595 0.0024958 -1.71909e-05 0.999997
210 240.239 0.235459 2.35201 0.000285861 0.00212675 -0.00145641 0.999997
211 240.927 0.237449 2.36031 0.000123846 0.00188614 -0.00324138 0.999993
212 241.637 0.235261 2.36624 0.000223199 0.00231551 -0.00443672 0.999987
213 242.342 0.229893 2.36867 0.000108868 0.0025713 -0.005856 0.99998
214 243.042 0.219651 2.37843 0.000146309 0.00255889 -0.00689143 0.999973
215 243.741 0.211032 2.38455 0.000371775 0.00187194 -0.00824311 0.999964
216 244.445 0.204123 2.39145 2.95701e-05 0.000672781 -0.00900221 0.999959
217 245.169 0.193967 2.3963 0.000438759 -4.4873e-05 -0.00956178 0.999954
218 245.889 0.184481 2.40084 0.000602542 -0.000362698 -0.0098017 0.999952
219 246.619 0.168589 2.414 0.000863015 -0.000528323 -0.00971961 0.999952
220 247.349 0.152673 2.42338 0.000474698 -0.000718194 -0.00987619 0.999951
221 248.09 0.149778 2.4268 0.000120765 -0.000995304 -0.00993308 0.99995
222 248.827 0.132831 2.4404 0.000246279 -0.00186727 -0.0100962 0.999947
223 249.582 0.117586 2.45865 0.00237035 -0.0030423 -0.0103331 0.999939
224 250.341 0.0917078 2.47858 0.00332049 -0.00344348 -0.010489 0.999934
225 251.123 0.0820362 2.48245 0.0030961 -0.00171044 -0.0107614 0.999936
226 251.903 0.0823063 2.47633 0.000860521 0.00132624 -0.0110365 0.999938
227 252.686 0.0585846 2.49027 0.0013333 0.00327296 -0.0113714 0.999929
228 253.478 0.0302516 2.50501 0.00210454 0.00250501 -0.0124743 0.999917
229 254.276 0.0163979 2.51237 0.0010245 -0.000609942 -0.0142846 0.999897
230 255.08 0.00736043 2.51499 -0.000377464 -0.00257698 -0.0166711 0.999858
231 255.909 -0.0231241 2.52464 -0.000937673 -0.00254129 -0.0181231 0.999832
232 256.744 -0.0572085 2.53363 -0.000153288 -0.00139927 -0.0196107 0.999807
233 257.576 -0.0853321 2.54384 0.00179491 0.00022771 -0.0213047 0.999771
234 258.416 -0.125491 2.55723 0.00290837 0.00112371 -0.0225254 0.999741
235 259.253 -0.16318 2.56437 0.00318013 0.00134283 -0.02415 0.999702
236 260.086 -0.196846 2.57447 0.00192555 0.000366334 -0.0254884 0.999673
237 260.923 -0.238081 2.58729 0.00144153 -0.000745306 -0.0265647 0.999646
238 261.759 -0.279877 2.59121 0.00134802 -0.000946532 -0.0278347 0.999611
239 262.592 -0.326795 2.60055 0.00113409 9.97997e-05 -0.0293395 0.999569
240 263.439 -0.36786 2.61493 0.000646253 0.00104255 -0.0309762 0.999519
241 264.288 -0.413614 2.63058 7.1832e-05 0.00109211 -0.0323836 0.999475
242 265.139 -0.472875 2.64275 -6.43437e-06 0.000933293 -0.033675 0.999432
243 265.996 -0.533644 2.65332 0.000775155 0.000647471 -0.0348343 0.999393
244 266.837 -0.594818 2.66568 0.00198829 0.00086044 -0.0357011 0.99936
245 267.682 -0.650341 2.67932 0.0028173 0.00104019 -0.0362172 0.999339
246 268.54 -0.706208 2.68817 0.00307954 0.000903741 -0.036361 0.999334
247 269.389 -0.770738 2.69816 0.0030306 0.00094239 -0.0365274 0.999328
248 270.232 -0.827397 2.70837 0.0029033 0.00116368 -0.0366909 0.999322
249 271.099 -0.883403 2.71756 0.00278699 0.00150303 -0.0363667 0.999333
250 271.972 -0.945345 2.73282 0.00276384 0.00115273 -0.0356921 0.999358
251 272.821 -1.00099 2.74243 0.00276568 0.000707339 -0.0348524 0.999388
252 273.663 -1.05222 2.75326 0.00235205 0.000356369 -0.0341095 0.999415
253 274.517 -1.10897 2.76328 0.00184314 0.000225438 -0.0332918 0.999444
254 275.371 -1.15142 2.77855 0.00112174 0.000166752 -0.0323464 0.999476
255 276.219 -1.19947 2.78802 0.00100476 0.00035284 -0.0314136 0.999506
256 277.072 -1.253 2.7978 0.00114141 0.00108994 -0.0299039 0.999552
257 277.926 -1.28982 2.80906 0.00186335 0.00223993 -0.0278458 0.999608
258 278.77 -1.33482 2.8236 0.00252334 0.00323154 -0.0256065 0.999664
259 279.59 -1.37343 2.83326 0.00260028 0.00383993 -0.0232047 0.99972
260 280.421 -1.40002 2.84017 0.00310127 0.0041397 -0.0207125 0.999772
261 281.243 -1.43334 2.84847 0.00315875 0.00429776 -0.0182291 0.99982
262 282.035 -1.44657 2.85553 0.00386283 0.00437125 -0.0159272 0.999856
263 282.83 -1.46656 2.86351 0.00400913 0.0043603 -0.0139661 0.999885
264 283.601 -1.48276 2.86813 0.00388271 0.00420157 -0.0118082 0.999914
265 284.345 -1.49535 2.87706 0.0035494 0.00409164 -0.00982632 0.999937
266 285.076 -1.50289 2.88503 0.00387843 0.00415569 -0.00811652 0.999951
267 285.79 -1.50476 2.89875 0.00433702 0.00382014 -0.00619511 0.999964
268 286.497 -1.50235 2.90756 0.00375486 0.00313186 -0.00373962 0.999981
269 287.183 -1.49523 2.91514 0.00293814 0.00206956 -0.000474858 0.999993
270 287.834 -1.48045 2.92352 0.00257189 0.00114964 0.00341581 0.99999
271 288.481 -1.46399 2.93482 0.00271125 0.000567012 0.00875852 0.999958
272 289.099 -1.44005 2.9426 0.00264971 0.000357332 0.0153444 0.999879
273 289.713 -1.40291 2.95861 0.00217525 0.000622385 0.0236354 0.999718
274 290.325 -1.3482 2.96853 0.000925837 0.000856061 0.0335404 0.999437
275 290.908 -1.28386 2.97751 8.00047e-05 0.00074572 0.0447669 0.998997
276 291.482 -1.20394 2.9898 -0.000546562 0.000454636 0.0574093 0.99835
277 292.037 -1.10853 3.00105 -0.00141607 0.000401418 0.071365 0.997449
278 292.569 -0.999954 3.00671 -0.00184665 0.000795079 0.0866117 0.99624
279 293.105 -0.870673 3.01885 -0.00171667 0.00149459 0.103712 0.994605
280 293.626 -0.730175 3.02921 -0.00163586 0.0022674 0.121993 0.992527
281 294.112 -0.580724 3.03685 -0.00196354 0.00311193 0.141165 0.989979
282 294.587 -0.39325 3.04202 -0.00248521 0.00403169 0.161284 0.986897
283 295.036 -0.212216 3.0463 -0.00247093 0.00476181 0.181913 0.9833
284 295.488 0.0110856 3.05223 -0.00212296 0.00541078 0.203461 0.979066
285 295.922 0.243134 3.05187 -0.0017805 0.00582272 0.225811 0.974152
286 296.326 0.473934 3.05672 -0.000959071 0.00609263 0.249046 0.968472
287 296.725 0.757739 3.06082 -0.000302333 0.00663647 0.273113 0.961959
288 297.109 1.04309 3.06386 3.1955e-05 0.00730663 0.297633 0.954652
289 297.458 1.32351 3.06082 -0.000217345 0.00720436 0.322636 0.946496
290 297.802 1.66588 3.06317 0.000484936 0.00719833 0.34837 0.937329
291 298.113 1.97716 3.06139 0.00191278 0.00839469 0.374653 0.927125
292 298.414 2.34757 3.06821 0.00378251 0.0109475 0.402148 0.915501
293 298.686 2.70742 3.0723 0.00491489 0.0126614 0.430454 0.90251
294 298.895 3.04281 3.07743 0.00381853 0.0133378 0.458566 0.888552
295 299.092 3.45986 3.06927 0.000992477 0.0128865 0.486651 0.873501
296 299.271 3.85175 3.06174 -0.00104426 0.0123071 0.514072 0.857658
297 299.4 4.2071 3.06684 -0.00199858 0.0122503 0.540507 0.841248
298 299.521 4.6303 3.06011 -0.00229864 0.0128867 0.56688 0.823696
299 299.611 4.99486 3.06424 -0.00257673 0.0142255 0.59189 0.805889
300 299.685 5.43838 3.05151 -0.00324072 0.0155463 0.616608 0.78711
301 299.738 5.85738 3.06189 -0.00368277 0.0168704 0.641172 0.767203
302 299.762 6.22988 3.044 -0.00499605 0.0173779 0.66542 0.74625
303 299.746 6.70759 3.0392 -0.00629181 0.0190773 0.689491 0.724016
304 299.691 7.14958 3.0258 -0.00836659 0.0210228 0.713144 0.700652
305 299.631 7.55366 3.01493 -0.0101241 0.0228738 0.736295 0.676198
306 299.526 8.04197 2.9993 -0.0124002 0.0248133 0.758506 0.651075
307 299.408 8.46743 2.98531 -0.0135641 0.0269279 0.779957 0.625106
308 299.24 8.95723 2.9693 -0.0144484 0.0285836 0.800199 0.598879
309 299.037 9.41688 2.94999 -0.01469 0.0297049 0.819358 0.572323
310 298.816 9.8513 2.93065 -0.0142346 0.030016 0.837379 0.545613
311 298.552 10.3275 2.90452 -0.0139424 0.0298847 0.853904 0.519385
312 298.261 10.7726 2.8786 -0.0138532 0.0299005 0.869049 0.493628
313 297.928 11.236 2.85403 -0.0139203 0.0297764 0.882379 0.469389
314 297.558 11.7027 2.82087 -0.0144453 0.0299621 0.894055 0.44672
315 297.158 12.1732 2.79084 -0.0146608 0.0316068 0.904493 0.425063
316 296.708 12.6593 2.77299 -0.0148927 0.0351062 0.914443 0.402915
317 296.234 13.1148 2.74115 -0.0154203 0.0380111 0.924196 0.379709
318 295.725 13.5655 2.7092 -0.0156578 0.0391445 0.933144 0.357022
319 295.179 13.9931 2.66794 -0.0145821 0.0378548 0.941404 0.334833
320 294.583 14.4241 2.65326 -0.0127314 0.0366839 0.948769 0.313574
321 293.943 14.8424 2.60461 -0.0105501 0.0346531 0.955452 0.292914
322 293.271 15.2478 2.59519 -0.00896527 0.0336036 0.961519 0.272529
323 292.552 15.6331 2.55227 -0.00885511 0.0328016 0.96699 0.252539
324 291.796 16.0005 2.53166 -0.00903321 0.0315617 0.972088 0.23231
325 291.01 16.3611 2.51152 -0.00858096 0.0307344 0.976715 0.212154
326 290.191 16.6915 2.48694 -0.00845673 0.0322254 0.980938 0.191442
327 289.339 17.0007 2.4818 -0.00861952 0.0341198 0.984627 0.171089
328 288.462 17.2799 2.4428 -0.00944628 0.0342511 0.987839 0.151365
329 287.545 17.5366 2.42641 -0.0101408 0.0363107 0.990547 0.131894
330 286.593 17.7556 2.39909 -0.0102122 0.0363847 0.992858 0.113158
331 285.619 17.9527 2.38186 -0.00869732 0.0349773 0.994764 0.0956279
332 284.613 18.1135 2.36894 -0.00746239 0.0347327 0.996254 0.0788458
333 283.565 18.2483 2.34852 -0.00737257 0.0346616 0.997397 0.0627892
334 282.491 18.3537 2.32861 -0.00757775 0.0338048 0.998291 0.0470676
335 281.401 18.4221 2.31468 -0.00704308 0.0333708 0.998887 0.0325697
336 280.289 18.4766 2.30708 -0.00704846 0.033179 0.999239 0.0192352
337 279.14 18.4857 2.29151 -0.0077176 0.0322614 0.999427 0.00672252
338 277.967 18.4747 2.277 -0.00824918 0.0314735 0.999457 -0.00516743
339 276.794 18.4412 2.26938 -0.00791895 0.0302767 0.999387 -0.015706
340 275.6 18.3772 2.26029 -0.00676889 0.0279546 0.99929 -0.0243186
341 274.402 18.2949 2.25053 -0.00612589 0.0252734 0.999194 -0.0305673
342 273.181 18.1953 2.24593 -0.00702791 0.0230219 0.999108 -0.0347073
343 271.94 18.1046 2.2361 -0.00774246 0.0213922 0.999074 -0.0365098
344 270.679 17.9991 2.23391 -0.00711235 0.0203727 0.999093 -0.0367138
345 269.391 17.8999 2.21884 -0.00646384 0.0193792 0.999157 -0.0355961
346 268.066 17.8043 2.21479 -0.00691602 0.0188314 0.999219 -0.0340366
347 266.716 17.7093 2.20664 -0.00743492 0.018414 0.999274 -0.0325053
348 265.371 17.6181 2.20026 -0.00762045 0.0180902 0.999343 -0.0304638
349 264.03 17.5294 2.18966 -0.00842415 0.0173262 0.999421 -0.0280298
350 262.688 17.4574 2.18381 -0.00964323 0.017134 0.999492 -0.0250961
351 261.349 17.3918 2.17532 -0.0104647 0.0167469 0.999554 -0.0223995
352 260.011 17.3228 2.16979 -0.0105491 0.0166767 0.999606 -0.019951
353 258.673 17.2682 2.16262 -0.0102823 0.0159806 0.999669 -0.017322
354 257.337 17.2179 2.15124 -0.00973745 0.0152512 0.999726 -0.014867
355 255.997 17.1741 2.14556 -0.00956923 0.0148438 0.99977 -0.0121324
356 254.635 17.1347 2.13311 -0.01074 0.0145317 0.99979 -0.00963632
357 253.271 17.1119 2.11917 -0.0121891 0.0150342 0.999786 -0.00728543
358 251.916 17.0853 2.10765 -0.0122344 0.0154393 0.999794 -0.00491957
359 250.567 17.0752 2.0932 -0.0119249 0.0159772 0.999796 -0.00309004
360 249.207 17.0695 2.07603 -0.0116405 0.0160297 0.999803 -0.00151573
361 247.831 17.0587 2.07007 -0.0101606 0.0159477 0.999821 -0.00045158
362 246.467 17.0488 2.06263 -0.00900176 0.0157245 0.999836 0.000648537
363 245.117 17.0471 2.04765 -0.00983178 0.0154544 0.99983 0.00193429
364 243.755 17.046 2.03947 -0.0109117 0.0158654 0.999811 0.00270512
365 242.374 17.0496 2.0255 -0.0110329 0.0159221 0.999807 0.00332885
366 240.988 17.0555 2.01573 -0.0111924 0.0165781 0.999794 0.00338277
367 239.606 17.059 1.99533 -0.0111416 0.016755 0.999793 0.00308614
368 238.23 17.0602 1.99192 -0.0104429 0.0177374 0.999784 0.00274546
369 236.837 17.0658 1.97637 -0.00939962 0.0182938 0.999786 0.00222933
370 235.438 17.0656 1.96798 -0.00992986 0.0189179 0.99977 0.00167147
371 234.059 17.0661 1.95287 -0.0114031 0.0194532 0.999745 0.00132784
372 232.676 17.0578 1.94378 -0.0118688 0.018931 0.99975 0.000640095
373 231.268 17.0503 1.92203 -0.0122252 0.0180933 0.999762 0.000264288
374 229.841 17.0369 1.91075 -0.0121007 0.0173984 0.999775 -0.000272588
375 228.419 17.0173 1.89072 -0.0119851 0.0166129 0.99979 -0.000704771
376 227.033 17.0117 1.87847 -0.0111288 0.0168391 0.999796 -0.000600156
377 225.648 17.0145 1.86483 -0.0103088 0.0166216 0.999808 -0.000668239
378 224.23 17.0141 1.85346 -0.0104705 0.0172375 0.999796 -0.000775923
379 222.789 17.0003 1.84213 -0.0110116 0.0171492 0.999792 -0.000700801
380 221.34 16.9846 1.83281 -0.0114204 0.0171111 0.999788 -0.000927915
381 219.901 16.9581 1.80798 -0.0117405 0.0166906 0.99979 -0.00159338
382 218.506 16.9595 1.80094 -0.0118497 0.0171532 0.999782 -0.000514739
383 217.099 16.9644 1.78228 -0.011155 0.0167496 0.999797 -0.000682637
384 215.669 16.9616 1.77593 -0.0114651 0.0173303 0.999784 -0.000780621
385 214.208 16.9421 1.75141 -0.0122183 0.017904 0.999765 -0.00106705
386 212.74 16.922 1.73767 -0.0118506 0.0181352 0.999765 -0.00114673
387 211.28 16.9201 1.73297 -0.0107353 0.0180065 0.99978 -0.000856909
388 209.815 16.902 1.71323 -0.0105295 0.0179233 0.999783 -0.00106412
389 208.356 16.8949 1.69865 -0.0107818 0.0183566 0.999773 -0.000882081
390 206.9 16.8782 1.69257 -0.0100222 0.0178047 0.999791 -0.00110341
391 205.452 16.8599 1.68318 -0.0105548 0.0173819 0.999792 -0.00134967
392 204.02 16.8589 1.66419 -0.0116791 0.0169866 0.999787 -0.000952791
393 202.574 16.8525 1.65009 -0.0117124 0.0167937 0.99979 -0.00105324
394 201.115 16.8444 1.63958 -0.0114691 0.0172853 0.999784 -0.00116318
395 199.646 16.8388 1.62677 -0.0112991 0.0173672 0.999785 -0.000875287
396 198.161 16.8268 1.62033 -0.0121328 0.0175423 0.999772 -0.000861567
397 196.689 16.8188 1.59646 -0.0134732 0.0173333 0.999759 -0.000292839
398 195.208 16.8091 1.58342 -0.0137447 0.0169439 0.999762 -5.75676e-05
399 193.733 16.7909 1.56676 -0.0136586 0.0163804 0.999772 0.000297631
400 192.268 16.7828 1.54804 -0.0139368 0.015866 0.999776 0.00104096
401 190.801 16.7836 1.52483 -0.0136885 0.0160575 0.999777 0.00126311
402 189.339 16.7812 1.51304 -0.0131471 0.016645 0.999774 0.00155171
403 187.889 16.7796 1.49611 -0.0129857 0.0167242 0.999774 0.00214196
404 186.439 16.7813 1.48319 -0.0133394 0.0167104 0.999769 0.00232297
405 185.011 16.7837 1.46464 -0.0131086 0.0165157 0.999773 0.00299986
406 183.577 16.7858 1.45013 -0.0135536 0.0165774 0.999766 0.00316336
407 182.142 16.7873 1.42685 -0.0143793 0.016488 0.999755 0.00332697
408 180.706 16.7932 1.41744 -0.0147441 0.0164226 0.999748 0.00397911
409 179.26 16.7996 1.39629 -0.0140746 0.0162745 0.999758 0.00464313
410 177.809 16.7987 1.38042 -0.0135324 0.0161745 0.999763 0.00547603
411 176.367 16.8078 1.36082 -0.0142272 0.0164669 0.99974 0.00674665
412 174.939 16.8318 1.34359 -0.0152035 0.0169107 0.999711 0.007754
413 173.536 16.8485 1.32939 -0.0148452 0.0175324 0.999695 0.00900806
414 172.148 16.8662 1.30919 -0.0148756 0.0174216 0.999689 0.00985504
415 170.771 16.8884 1.293 -0.0154831 0.0177288 0.999665 0.0107247
416 169.399 16.9189 1.27039 -0.0162426 0.0176233 0.999642 0.0119273
417 168.04 16.9392 1.2601 -0.0168509 0.0179982 0.999612 0.0129554
418 166.704 16.9596 1.24296 -0.0164904 0.0180132 0.999607 0.0137857
419 165.399 16.9957 1.22631 -0.0167146 0.0184445 0.999582 0.0147252
420 164.102 17.0352 1.20667 -0.0178857 0.0181806 0.99956 0.0151218
421 162.838 17.0764 1.1867 -0.0180054 0.0183362 0.999548 0.0155858
422 161.591 17.0994 1.17307 -0.0171198 0.0182696 0.999566 0.0155038
423 160.384 17.129 1.15076 -0.0167236 0.0176683 0.999587 0.0153078
424 159.195 17.16 1.14203 -0.0168944 0.018373 0.999574 0.0151357
425 158.036 17.1932 1.1304 -0.0168031 0.0183424 0.999578 0.0149786
426 156.909 17.2248 1.11155 -0.0172887 0.0180938 0.999576 0.0148747
427 155.808 17.2511 1.09815 -0.0183123 0.0184024 0.999554 0.0147723
428 154.719 17.2723 1.08406 -0.0187241 0.0181667 0.999559 0.0142134
429 153.655 17.2872 1.07068 -0.018297 0.0175713 0.999581 0.0139147
430 152.616 17.3104 1.05529 -0.0177321 0.017688 0.999592 0.0137067
431 151.608 17.332 1.04687 -0.0171899 0.0180286 0.999599 0.0134497
432 150.632 17.3534 1.02864 -0.0172424 0.0173581 0.999613 0.0132425
433 149.678 17.3715 1.01862 -0.0177793 0.0178849 0.999599 0.0129056
434 148.749 17.3886 1.0046 -0.0180007 0.0178044 0.999602 0.0124653
435 147.861 17.4184 0.991756 -0.0182821 0.0180807 0.99959 0.0125618
436 146.996 17.445 0.98131 -0.0184936 0.0180917 0.999589 0.0123607
437 146.127 17.4523 0.964757 -0.0183009 0.0175234 0.999608 0.0119152
438 145.276 17.4574 0.955152 -0.0170824 0.0178235 0.99963 0.0114572
439 144.451 17.4791 0.941898 -0.0158917 0.0193598 0.999622 0.0113267
440 143.632 17.4942 0.929814 -0.0155603 0.0201523 0.999612 0.0112635
441 142.824 17.501 0.918789 -0.0157439 0.0195589 0.999623 0.0111322
442 142.036 17.5272 0.908349 -0.0153838 0.0196941 0.999626 0.0110899
443 141.26 17.5431 0.901902 -0.0145399 0.0206106 0.999623 0.0108686
444 140.509 17.5554 0.891438 -0.0143123 0.0210265 0.999618 0.0108449
445 139.76 17.5694 0.882833 -0.0146182 0.0209074 0.999614 0.0110308
446 139.021 17.5824 0.873211 -0.0150035 0.0209539 0.999604 0.0113031
447 138.285 17.5938 0.870564 -0.0148409 0.0214255 0.999593 0.0115877
448 137.562 17.6104 0.858463 -0.0143418 0.0221042 0.999584 0.0117519
449 136.849 17.631 0.849818 -0.0138626 0.0225844 0.999577 0.011984
450 136.135 17.6502 0.841852 -0.0128688 0.0232411 0.999573 0.012173
451 135.435 17.6688 0.837927 -0.0116706 0.0235413 0.999579 0.0122936
452 134.732 17.6816 0.834993 -0.0106443 0.0239715 0.999576 0.0126337
453 134.033 17.6919 0.829681 -0.00963289 0.0232707 0.9996 0.0128616
454 133.334 17.7109 0.82454 -0.00885616 0.0221603 0.999629 0.013099
455 132.636 17.7228 0.806202 -0.00923849 0.0226743 0.999612 0.0133106
456 131.94 17.7505 0.823162 -0.0108406 0.0244468 0.999551 0.0135094
457 131.252 17.7534 0.821789 -0.0107809 0.0227033 0.99959 0.0136943
458 130.564 17.7518 0.816285 -0.00968763 0.0197659 0.999662 0.0138576
459 129.881 17.7699 0.797474 -0.00702762 0.018754 0.999705 0.0137632
460 129.203 17.7922 0.815136 -0.00374728 0.0198955 0.999702 0.0136609
461 128.511 17.8036 0.808494 -0.00261064 0.0182987 0.999739 0.0134494
462 127.799 17.8103 0.805354 -0.00349797 0.0157677 0.999781 0.0132745
463 127.074 17.8229 0.804601 -0.00522404 0.0144506 0.9998 0.0128014
464 126.338 17.8337 0.804514 -0.00680828 0.0135651 0.999812 0.0121058
465 125.597 17.8502 0.806877 -0.00730499 0.0135038 0.999819 0.0112207
466 124.845 17.8616 0.806167 -0.00683254 0.0135312 0.999836 0.00986073
467 124.082 17.8673 0.799705 -0.00600401 0.012913 0.999866 0.00803608
468 123.303 17.8662 0.793244 -0.00606523 0.0118737 0.999892 0.00620855
469 122.504 17.8667 0.784584 -0.00769811 0.0112843 0.999897 0.00444972
470 121.693 17.8633 0.776034 -0.0101098 0.0115984 0.999877 0.00286848
471 120.848 17.8593 0.773302 -0.011525 0.012465 0.999855 0.00112751
472 120.002 17.8552 0.760252 -0.0117313 0.0131506 0.999845 -0.000569405
473 119.133 17.8544 0.745804 -0.0111212 0.013898 0.999838 -0.00254118
474 118.25 17.8382 0.731121 -0.00980032 0.0145346 0.999835 -0.00472712
475 117.349 17.8272 0.722571 -0.00929491 0.0156448 0.999812 -0.00663889
476 116.423 17.808 0.705581 -0.00952908 0.0162278 0.999785 -0.00873684
477 115.485 17.7911 0.694128 -0.0105298 0.0169919 0.999745 -0.0105472
478 114.527 17.7661 0.677988 -0.0116179 0.0177865 0.999692 -0.0128591
479 113.552 17.7346 0.668024 -0.0115771 0.0192981 0.999633 -0.0150704
480 112.57 17.7 0.653672 -0.0105069 0.0200197 0.999601 -0.0169417
481 111.563 17.6579 0.639245 -0.00887637 0.0204382 0.999567 -0.0192
482 110.55 17.609 0.631218 -0.00819416 0.0207827 0.999529 -0.0210425
483 109.512 17.5588 0.615251 -0.00818586 0.0208841 0.999492 -0.0226423
484 108.452 17.5024 0.605124 -0.00784534 0.0209901 0.999468 -0.0236776
485 107.382 17.4366 0.601208 -0.00689629 0.0205147 0.99948 -0.0238998
486 106.285 17.3822 0.591095 -0.00506605 0.020214 0.999491 -0.0241624
487 105.17 17.3232 0.593217 -0.00386096 0.0209765 0.999487 -0.0239086
488 104.036 17.2696 0.585053 -0.00530786 0.0217338 0.99947 -0.0236698
489 102.886 17.2068 0.57156 -0.00833443 0.022011 0.999446 -0.0235317
490 101.72 17.1595 0.563989 -0.00955377 0.022409 0.999436 -0.0231207
491 100.542 17.0934 0.552523 -0.00853901 0.0216506 0.999464 -0.0230187
492 99.3502 17.0283 0.544344 -0.00785402 0.0210366 0.999492 -0.0226049
493 98.1383 16.962 0.523605 -0.00786809 0.0206943 0.999501 -0.0225318
494 96.9129 16.9001 0.520348 -0.00753035 0.0206847 0.999506 -0.0224531
495 95.6726 16.8427 0.510173 -0.00716826 0.0206003 0.999521 -0.0219431
496 94.4057 16.7895 0.50072 -0.00864673 0.0209297 0.999509 -0.0216355
497 93.1384 16.7256 0.480112 -0.00965881 0.0210019 0.999516 -0.0208032
498 91.8535 16.6607 0.477435 -0.00902335 0.0201917 0.999557 -0.0199335
499 90.5469 16.6041 0.454754 -0.00907052 0.0195485 0.999589 -0.0188892
500 89.2353 16.5468 0.43119 -0.00831287 0.0193025 0.999627 -0.017415
501 87.9107 16.4933 0.437029 -0.00399978 0.0190223 0.999681 -0.0161231
502 86.5635 16.4424 0.430765 -0.00225659 0.018558 0.999718 -0.0146548
503 85.1796 16.4114 0.425609 -0.00563797 0.0191138 0.999708 -0.013643
504 83.7927 16.3632 0.415218 -0.00906268 0.019604 0.999691 -0.0122986
505 82.4032 16.3256 0.399152 -0.00950778 0.0187099 0.999723 -0.0106988
506 80.991 16.2849 0.380014 -0.00858399 0.0180414 0.999754 -0.0096613
507 79.5669 16.2455 0.365478 -0.00816132 0.0180393 0.999769 -0.00841658
508 78.1216 16.2223 0.350297 -0.00825062 0.0184938 0.999765 -0.00770182
509 76.6683 16.1897 0.34291 -0.00834021 0.0191202 0.999759 -0.00685325
510 75.2036 16.1649 0.325373 -0.00927311 0.0193029 0.999755 -0.00550378
511 73.7141 16.1476 0.314438 -0.0103764 0.0191393 0.999752 -0.0046542
512 72.2348 16.1214 0.298168 -0.0118575 0.0184144 0.999754 -0.00339755
513 70.7471 16.1005 0.279395 -0.0134101 0.0180045 0.999744 -0.00267648
514 69.2683 16.086 0.265281 -0.0141641 0.0183502 0.999729 -0.00190436
515 67.7975 16.0769 0.249279 -0.0135432 0.018175 0.999743 -0.00102513
516 66.3194 16.0682 0.235818 -0.0131554 0.0182484 0.999747 -0.000709594
517 64.8468 16.0564 0.22073 -0.0132072 0.018406 0.999743 -0.000338778
518 63.3744 16.039 0.197543 -0.013598 0.0178274 0.999749 0.000219972
519 61.8978 16.0396 0.181343 -0.0134495 0.0179864 0.999748 0.000300377
520 60.4286 16.0292 0.174069 -0.0122619 0.0175844 0.99977 0.000703222
521 58.96 16.0278 0.154883 -0.0127012 0.0180363 0.999756 0.000687106
522 57.5086 16.0331 0.137123 -0.0148405 0.0183097 0.999722 0.000656289
523 56.0663 16.0337 0.113631 -0.0163126 0.0188195 0.999689 0.000889216
524 54.6198 16.0284 0.0883425 -0.0159677 0.0184429 0.999702 0.000517648
525 53.1638 16.0134 0.0681655 -0.014216 0.0184311 0.999729 -0.000124446
526 51.6767 16.0064 0.0472339 -0.012591 0.0175811 0.999766 -0.000691799
527 50.1962 15.9924 0.0305825 -0.0121388 0.0176861 0.999769 -0.00126384
528 48.7203 15.9771 0.0179129 -0.0128881 0.0174881 0.999763 -0.00149797
529 47.2533 15.9687 0.000585386 -0.014291 0.0181789 0.999731 -0.00190788
530 45.8051 15.9552 -0.0175029 -0.0160543 0.0179175 0.999708 -0.00216684
531 44.3616 15.9426 -0.0406656 -0.0160132 0.0171748 0.999722 -0.00224279
532 42.9344 15.9263 -0.0588772 -0.013986 0.0168595 0.999757 -0.00247061
533 41.5081 15.9071 -0.0784769 -0.0123259 0.0167787 0.999781 -0.00210793
534 40.0754 15.9079 -0.0939019 -0.0124239 0.0171235 0.999774 -0.00200389
535 38.6331 15.9022 -0.107896 -0.0139259 0.0178428 0.999742 -0.00192046
536 37.1798 15.8874 -0.121462 -0.0146949 0.0178828 0.999731 -0.00149384
537 35.7273 15.8715 -0.138985 -0.013985 0.0170019 0.999757 -0.00139045
538 34.2813 15.8526 -0.161651 -0.0135582 0.0159467 0.99978 -0.00122696
539 32.8425 15.8382 -0.177364 -0.0131968 0.0157137 0.999789 -0.000725318
540 31.4146 15.8362 -0.189153 -0.0127851 0.0161397 0.999788 -0.000739927
541 30.0174 15.8293 -0.206423 -0.0127771 0.0169016 0.999775 -0.000563463
542 28.6162 15.8262 -0.2158 -0.0133736 0.0181554 0.999745 -0.000670688
543 27.1982 15.8185 -0.233982 -0.0137935 0.0184623 0.999734 -0.000686788
544 25.7667 15.8092 -0.24616 -0.0132309 0.0185035 0.999741 -0.000481499
545 24.3372 15.801 -0.262933 -0.0131447 0.0175102 0.99976 -0.000437678
546 22.9277 15.7862 -0.279652 -0.0132639 0.0167462 0.999772 -0.000249687
547 21.5457 15.7848 -0.292481 -0.0132355 0.0161307 0.999782 9.15233e-05
548 20.1626 15.7786 -0.311652 -0.0138794 0.0161845 0.999773 3.04629e-05
549 18.7661 15.7705 -0.322145 -0.0141674 0.0164812 0.999764 0.000256048
550 17.3655 15.7657 -0.339332 -0.014467 0.017275 0.999746 0.000207478
551 15.9886 15.7712 -0.354763 -0.0149175 0.0172263 0.99974 0.000240855
552 14.6253 15.763 -0.36973 -0.0136736 0.0171208 0.99976 0.000557846
553 13.2509 15.7526 -0.384499 -0.011576 0.0159597 0.999805 0.000620888
554 11.8666 15.7438 -0.396897 -0.0105876 0.013932 0.999847 0.000563618
555 10.4875 15.731 -0.414891 -0.0114353 0.0124321 0.999857 0.000550644
556 9.12296 15.725 -0.428308 -0.0127472 0.0120064 0.999847 0.000290935
557 7.7575 15.7239 -0.442564 -0.0136827 0.012654 0.999826 0.000407388
558 6.38156 15.7216 -0.457711 -0.0149195 0.0147864 0.999779 0.000169126
559 5.02185 15.7284 -0.475812 -0.0157938 0.0171238 0.999729 3.89479e-05
560 3.66577 15.7259 -0.49213 -0.0153927 0.0182705 0.999715 0.000212919
561 2.29333 15.7195 -0.513759 -0.0142199 0.0187603 0.999723 3.84551e-05
562 0.934095 15.7142 -0.532682 -0.0130372 0.0183661 0.999746 0.000263576
563 -0.42647 15.6984 -0.552129 -0.0127114 0.0170353 0.999774 0.000345962
564 -1.80183 15.6918 -0.569637 -0.0129358 0.0163844 0.999782 0.00029018
565 -3.17694 15.6885 -0.588091 -0.0126579 0.0162037 0.999788 0.000582489
566 -4.56759 15.6765 -0.603177 -0.0118269 0.0162583 0.999798 0.000454533
567 -5.94606 15.6734 -0.618809 -0.0115959 0.0159866 0.999805 0.000389717
568 -7.32599 15.6736 -0.633829 -0.011913 0.0159572 0.999801 0.000771243
569 -8.73173 15.6594 -0.645403 -0.0117835 0.0152251 0.999815 0.000595272
570 -10.1476 15.659 -0.660944 -0.0119615 0.0141253 0.999828 0.000891051
571 -11.5568 15.6522 -0.688432 -0.0132413 0.0133285 0.999823 0.000891014
572 -12.9441 15.6425 -0.703262 -0.0132208 0.012765 0.999831 0.000993407
573 -14.3293 15.6376 -0.712503 -0.0117773 0.0118303 0.99986 0.00133502
574 -15.7408 15.6296 -0.732124 -0.0112347 0.0113007 0.999872 0.00115632
575 -17.1598 15.6302 -0.748078 -0.0116818 0.0114572 0.999866 0.00111986
576 -18.5822 15.6285 -0.763202 -0.0107531 0.0109857 0.999881 0.00102188
577 -19.9858 15.6109 -0.768994 -0.00896161 0.010009 0.999909 0.000834471
578 -21.3806 15.6092 -0.775232 -0.00864904 0.00976306 0.999914 0.000920668
579 -22.8056 15.5966 -0.789496 -0.00944916 0.0104606 0.9999 0.000597487
580 -24.2308 15.5996 -0.795971 -0.00988219 0.011933 0.99988 0.00044329
581 -25.6634 15.6021 -0.793853 -0.00970068 0.012477 0.999875 0.00032439
582 -27.0989 15.5902 -0.817468 -0.00949093 0.0124294 0.999878 -4.02372e-05
583 -28.5199 15.5858 -0.812484 -0.00871648 0.0119187 0.999891 -7.97364e-05
584 -29.9265 15.5715 -0.827175 -0.00920757 0.0110133 0.999897 1.0696e-05
585 -31.3578 15.5586 -0.83949 -0.0110611 0.0115109 0.999872 -0.000404023
586 -32.7847 15.5582 -0.848168 -0.0114308 0.0125299 0.999856 -0.00057729
587 -34.2316 15.5501 -0.854252 -0.010792 0.0135771 0.999849 -0.0010643
588 -35.6669 15.5469 -0.86862 -0.0110529 0.0146163 0.999831 -0.00136407
589 -37.0881 15.5393 -0.88071 -0.0115578 0.0155492 0.999811 -0.00144944
590 -38.5001 15.5256 -0.88917 -0.0117641 0.0163316 0.999796 -0.00171609
591 -39.9096 15.5208 -0.897148 -0.0119529 0.017386 0.999776 -0.00170099
592 -41.3378 15.5021 -0.912127 -0.0126647 0.0182671 0.999751 -0.00200764
593 -42.7636 15.4828 -0.929721 -0.0130714 0.0196373 0.99972 -0.00206214
594 -44.175 15.4896 -0.93444 -0.0115622 0.0205753 0.99972 -0.00190673
595 -45.5869 15.4776 -0.941013 -0.00919081 0.0211977 0.999731 -0.00218779
596 -46.9854 15.4711 -0.947267 -0.00865398 0.0216127 0.999726 -0.00240962
597 -48.3885 15.4551 -0.95276 -0.00993979 0.0220524 0.999705 -0.00234054
598 -49.7987 15.4358 -0.963651 -0.0104583 0.0218 0.999705 -0.0023273
599 -51.2038 15.4259 -0.97045 -0.0099782 0.0213278 0.999721 -0.00205428
600 -52.6183 15.4165 -0.977241 -0.00991567 0.0212588 0.999722 -0.00225702
601 -54.0161 15.4031 -0.985671 -0.0104435 0.0212997 0.999716 -0.00231376
602 -55.4001 15.3906 -0.989069 -0.0095707 0.0213353 0.999725 -0.00185652
603 -56.8118 15.3746 -0.999184 -0.00923736 0.0205568 0.999745 -0.00154887
604 -58.2278 15.3675 -1.00449 -0.00962306 0.0207122 0.999739 -0.0010978
605 -59.6407 15.3626 -1.00958 -0.00972503 0.0212068 0.999728 -0.000513237
606 -61.0374 15.3546 -1.01298 -0.00911194 0.0214469 0.999728 -0.000258417
607 -62.4209 15.3513 -1.01877 -0.00896226 0.0212716 0.999734 0.000301918
608 -63.8186 15.346 -1.02533 -0.00949151 0.0211117 0.999732 0.000604096
609 -65.2329 15.34 -1.02896 -0.00976286 0.020636 0.999739 0.000966452
610 -66.6442 15.3387 -1.04113 -0.00987662 0.0201472 0.999747 0.00157135
611 -68.0502 15.3343 -1.04258 -0.00997115 0.0201835 0.999745 0.00178366
612 -69.4359 15.3358 -1.05101 -0.00995945 0.0201382 0.999746 0.00192874
613 -70.8213 15.3342 -1.05409 -0.00960463 0.0206257 0.999739 0.00204239
614 -72.2235 15.3367 -1.05634 -0.00828023 0.020649 0.999751 0.00170653
615 -73.6254 15.3345 -1.06114 -0.00813796 0.0205886 0.999753 0.00171645
616 -75.0125 15.3309 -1.06283 -0.00869387 0.0211319 0.999738 0.0013936
617 -76.374 15.3369 -1.05947 -0.00960923 0.0218418 0.999715 0.0010671
618 -77.7601 15.3289 -1.06938 -0.0107414 0.0224126 0.999691 0.000587872
619 -79.1408 15.3279 -1.07159 -0.0105019 0.0229866 0.999681 -0.000119797
620 -80.495 15.322 -1.0755 -0.00881025 0.0224915 0.999708 -0.000282368
621 -81.8502 15.3136 -1.07907 -0.00744817 0.0216379 0.999738 -0.000597602
622 -83.229 15.3074 -1.08174 -0.00821501 0.0208599 0.999748 -0.00062488
623 -84.6022 15.2949 -1.08516 -0.0104391 0.0214667 0.999715 -0.000530996
624 -85.9478 15.2862 -1.09333 -0.011764 0.0215801 0.999698 -0.000695176
625 -87.2923 15.2789 -1.10569 -0.0118538 0.0220637 0.999686 -0.00056186
626 -88.6496 15.2747 -1.10835 -0.0110527 0.0218659 0.9997 -0.000254506
627 -89.9963 15.2689 -1.11727 -0.0100797 0.021362 0.999721 7.8728e-06
628 -91.3298 15.2644 -1.12174 -0.00962177 0.0208774 0.999735 0.000673219
629 -92.6776 15.2564 -1.1261 -0.010032 0.0201296 0.999747 0.000865203
630 -94.0152 15.2557 -1.13619 -0.0108213 0.0203307 0.999734 0.0012819
631 -95.3314 15.2528 -1.14113 -0.0103737 0.020341 0.999738 0.00174913
632 -96.6683 15.2521 -1.13927 -0.00980149 0.0199485 0.999751 0.00193376
633 -97.9919 15.2532 -1.15067 -0.0104185 0.0200945 0.999741 0.00229469
634 -99.3014 15.255 -1.15864 -0.0110452 0.0202479 0.99973 0.00283302
635 -100.622 15.2522 -1.16414 -0.0109338 0.0199644 0.999736 0.0031447
636 -101.925 15.2563 -1.17213 -0.0109004 0.0202846 0.999728 0.00371083
637 -103.235 15.2662 -1.18238 -0.0108634 0.0202754 0.999728 0.00387817
638 -104.538 15.2661 -1.18879 -0.0109019 0.0201285 0.999729 0.00424063
639 -105.832 15.273 -1.19667 -0.0109181 0.0204142 0.999721 0.00470816
640 -107.137 15.2819 -1.20585 -0.0107279 0.0201053 0.999728 0.0049168
641 -108.428 15.2894 -1.2113 -0.0100751 0.0201649 0.999732 0.00526865
642 -109.718 15.2987 -1.21427 -0.00932814 0.0202048 0.999736 0.00567583
643 -111 15.3054 -1.22183 -0.00981132 0.0203876 0.999727 0.00574481
644 -112.287 15.3172 -1.2287 -0.0110855 0.0205864 0.999709 0.00597847
645 -113.568 15.3237 -1.2293 -0.0106172 0.0207699 0.999712 0.00568184
646 -114.837 15.3371 -1.24292 -0.0101213 0.0204158 0.999724 0.00565284
647 -116.108 15.3471 -1.24473 -0.010442 0.0208911 0.999711 0.00576375
648 -117.372 15.3562 -1.25037 -0.0105963 0.0211612 0.999705 0.00544686
649 -118.632 15.37 -1.25925 -0.0110832 0.0213636 0.999695 0.00552915
650 -119.888 15.3684 -1.26568 -0.0114807 0.0212889 0.999694 0.00522444
651 -121.136 15.3786 -1.27122 -0.0112575 0.0212855 0.999697 0.00509662
652 -122.383 15.3848 -1.27952 -0.0113318 0.0209474 0.999702 0.00536535
653 -123.616 15.3921 -1.28362 -0.0111553 0.021071 0.999702 0.00515024
654 -124.835 15.4002 -1.29082 -0.0109679 0.0208594 0.999707 0.00546819
655 -126.05 15.4123 -1.29861 -0.0112154 0.0203043 0.999711 0.00633663
656 -127.264 15.4178 -1.30256 -0.0117112 0.0198067 0.999712 0.00675745
657 -128.462 15.4305 -1.31352 -0.0120393 0.0192886 0.999713 0.00752406
658 -129.65 15.4393 -1.31975 -0.0116342 0.0189477 0.99972 0.00803832
659 -130.828 15.4586 -1.32065 -0.0107249 0.0189386 0.999726 0.00862171
660 -131.996 15.4738 -1.32614 -0.0106494 0.0190773 0.99972 0.00907006
661 -133.152 15.4832 -1.33249 -0.0115999 0.0196328 0.9997 0.00898776
662 -134.29 15.5104 -1.33872 -0.0126269 0.0200323 0.999679 0.00901967
663 -135.4 15.5233 -1.35054 -0.0128828 0.0207882 0.999661 0.00891221
664 -136.496 15.5372 -1.34643 -0.0127368 0.0219813 0.999638 0.00881965
665 -137.576 15.5511 -1.36346 -0.0132937 0.0209189 0.999651 0.00908774
666 -138.645 15.563 -1.36785 -0.0146691 0.021342 0.999623 0.00916567
667 -139.681 15.5854 -1.37296 -0.0147248 0.0211918 0.999619 0.00984262
668 -140.694 15.6031 -1.38575 -0.0140072 0.020419 0.999634 0.0109201
669 -141.671 15.6208 -1.39319 -0.0140359 0.0202753 0.99963 0.0115062
670 -142.628 15.639 -1.39919 -0.0143928 0.0207489 0.999607 0.0121643
671 -143.564 15.6592 -1.40339 -0.0145899 0.0213853 0.999588 0.0124047
672 -144.47 15.6784 -1.41056 -0.0145279 0.0217627 0.999583 0.0122093
673 -145.352 15.6995 -1.41535 -0.0142191 0.0227408 0.999577 0.0112236
674 -146.205 15.7127 -1.41962 -0.0136317 0.0244355 0.999574 0.00824859
675 -147.027 15.7162 -1.42109 -0.0132967 0.0268495 0.999548 0.00249925
676 -147.807 15.7101 -1.4253 -0.0130518 0.0285758 0.999487 -0.0063113
677 -148.559 15.6774 -1.42664 -0.0134101 0.029364 0.999325 -0.0175492
678 -149.276 15.6307 -1.42781 -0.0148257 0.0290022 0.999004 -0.0304814
679 -149.972 15.5572 -1.43262 -0.0165227 0.0283107 0.998461 -0.0447378
680 -150.644 15.4704 -1.43352 -0.0167721 0.0282998 0.997635 -0.0603503
681 -151.286 15.3546 -1.43164 -0.0155397 0.0289745 0.996395 -0.0782054
682 -151.901 15.2148 -1.42864 -0.0137254 0.0298479 0.994601 -0.0984333
683 -152.48 15.0549 -1.42943 -0.012181 0.0303935 0.992149 -0.120698
684 -153.022 14.8829 -1.43185 -0.0113873 0.0303336 0.988895 -0.145038
685 -153.549 14.6705 -1.42558 -0.0110967 0.0309969 0.984745 -0.170861
686 -154.048 14.4585 -1.40667 -0.0107434 0.0319413 0.97942 -0.198999
687 -154.513 14.1913 -1.39933 -0.00993054 0.0316569 0.97308 -0.228069
688 -154.955 13.9066 -1.39167 -0.00932746 0.03158 0.965545 -0.258144
689 -155.365 13.6178 -1.38418 -0.00900489 0.0311987 0.956706 -0.28924
690 -155.766 13.2658 -1.35985 -0.00892498 0.0312472 0.946627 -0.320689
691 -156.147 12.9087 -1.35543 -0.00841863 0.0309732 0.935214 -0.352626
692 -156.471 12.5633 -1.33414 -0.00875306 0.0304648 0.922098 -0.385656
693 -156.767 12.144 -1.31903 -0.00877167 0.0293742 0.907503 -0.418925
694 -157.021 11.7621 -1.30956 -0.00834507 0.0270401 0.89198 -0.451189
695 -157.257 11.3069 -1.28979 -0.00751283 0.0250075 0.875575 -0.482376
696 -157.463 10.8663 -1.27609 0.00636052 -0.0237395 -0.858115 0.512869
697 -157.624 10.4551 -1.26385 0.00572524 -0.0236527 -0.839657 0.542571
698 -157.765 9.97061 -1.23373 0.00508522 -0.0241295 -0.820067 0.571736
699 -157.87 9.52184 -1.21677 0.00351886 -0.0244967 -0.799737 0.59984
700 -157.933 9.08606 -1.19379 0.00198503 -0.0241017 -0.778602 0.627051
701 -157.975 8.58154 -1.17797 0.00123138 -0.0222971 -0.756128 0.654043
702 -157.972 8.14202 -1.17301 0.00291186 -0.0202509 -0.732752 0.680188
703 -157.942 7.60601 -1.13941 0.00634397 -0.0172743 -0.708006 0.705967
704 -157.885 7.11783 -1.12939 0.009538 -0.0134935 -0.6825 0.730699
705 -157.789 6.67118 -1.11513 0.011851 -0.00912437 -0.65618 0.754456
706 -157.651 6.14572 -1.10918 0.0128822 -0.00529251 -0.628466 0.777712
707 -157.487 5.70956 -1.0952 0.0139845 -0.00344804 -0.59999 0.799878
708 -157.279 5.20127 -1.09099 0.0147405 -0.00272766 -0.570355 0.821262
709 -157.033 4.72883 -1.08572 0.0164105 -0.00167104 -0.540249 0.841344
710 -156.764 4.29533 -1.10142 0.0182362 -4.54378e-05 -0.509482 0.860288
711 -156.444 3.81975 -1.09036 0.0195495 0.00166292 -0.478038 0.87812
712 -156.099 3.42138 -1.0958 0.0194863 0.00252254 -0.446557 0.894539
713 -155.704 2.98437 -1.10023 0.0186146 0.00237115 -0.415303 0.909489
714 -155.271 2.58023 -1.108 0.0184748 0.000707352 -0.384512 0.922935
715 -154.819 2.20328 -1.09863 0.0187648 -0.00129767 -0.354282 0.934949
716 -154.315 1.8239 -1.10382 0.0188831 -0.00206309 -0.32428 0.94577
717 -153.777 1.4804 -1.10513 0.0191049 -0.00142654 -0.293741 0.955693
718 -153.202 1.1657 -1.11162 0.0188623 -0.000465283 -0.262572 0.964728
719 -152.597 0.884432 -1.0981 0.0192317 -1.67715e-05 -0.230751 0.972823
720 -151.983 0.634436 -1.10042 0.0190075 0.000619654 -0.198976 0.97982
721 -151.344 0.428212 -1.09633 0.0184359 0.00103918 -0.169749 0.985314
722 -150.676 0.239153 -1.09938 0.0157791 0.000790345 -0.143085 0.989584
723 -149.964 0.0847845 -1.0952 0.0125838 3.72199e-05 -0.119704 0.99273
724 -149.213 -0.0618046 -1.10158 0.00987697 -0.000372793 -0.0992334 0.995015
725 -148.417 -0.176915 -1.096 0.0098109 -8.49207e-06 -0.081233 0.996647
726 -147.592 -0.283134 -1.0921 0.0101211 0.000544946 -0.0645041 0.997866
727 -146.756 -0.359242 -1.08972 0.00967643 0.000982518 -0.04914 0.998745
728 -145.913 -0.407236 -1.08571 0.00811026 0.000925382 -0.035909 0.999322
729 -145.052 -0.447896 -1.08462 0.00556939 0.000455812 -0.0247849 0.999677
730 -144.158 -0.458317 -1.08359 0.00320885 -0.000134448 -0.0165814 0.999857
731 -143.246 -0.467402 -1.07927 0.000422639 -0.000740597 -0.0118384 0.99993
732 -142.298 -0.48225 -1.07485 -0.00121758 -0.000836352 -0.00988202 0.99995
733 -141.325 -0.494657 -1.07243 -0.00161428 -0.000493179 -0.00960047 0.999952
734 -140.329 -0.520209 -1.06163 -0.00098874 0.000164557 -0.0092445 0.999957
735 -139.318 -0.535717 -1.06162 -0.000592058 0.000628041 -0.00848903 0.999964
736 -138.296 -0.548876 -1.05059 0.000238426 0.000538189 -0.00768043 0.99997
737 -137.264 -0.5578 -1.04992 -0.000163366 0.000249255 -0.00644061 0.999979
738 -136.218 -0.567713 -1.04349 1.88351e-05 0.000785971 -0.00567571 0.999984
739 -135.15 -0.578362 -1.04671 0.000313629 0.00193501 -0.00459357 0.999988
740 -134.07 -0.587367 -1.04069 0.00118673 0.00241085 -0.00387514 0.999989
741 -132.949 -0.591046 -1.04028 0.00118459 0.00173213 -0.00288075 0.999994
742 -131.807 -0.574608 -1.03761 0.00143473 0.00100934 -0.00192586 0.999997
743 -130.683 -0.573652 -1.03745 0.00170047 0.000969125 -0.0017347 0.999997
744 -129.535 -0.586664 -1.03166 0.0012798 0.000872309 -0.00145941 0.999998
745 -128.339 -0.57442 -1.02424 0.000942046 0.000358602 -0.00132303 0.999999
746 -127.161 -0.57633 -1.0177 0.000852917 -4.04722e-05 -0.00122724 0.999999
747 -125.941 -0.580876 -1.01162 0.000742098 0.000341171 -0.00147763 0.999999
748 -124.721 -0.56656 -1.0053 0.000671094 0.000641311 -0.00206263 0.999997
749 -123.473 -0.58263 -0.993489 0.000396109 -0.000245782 -0.00275648 0.999996
750 -122.228 -0.577038 -0.985355 0.000170115 -0.00204484 -0.00387164 0.99999
751 -120.961 -0.581375 -0.977052 0.000354416 -0.00325069 -0.00457186 0.999984
752 -119.681 -0.604484 -0.957981 0.00121342 -0.00364654 -0.00527873 0.999979
753 -118.377 -0.602239 -0.944474 0.0019054 -0.0032075 -0.00542658 0.999978
754 -117.063 -0.615719 -0.923403 0.00251719 -0.00323622 -0.0049051 0.99998
755 -115.744 -0.620812 -0.906732 0.00228592 -0.00452415 -0.00431583 0.999978
756 -114.395 -0.6244 -0.883267 0.00225431 -0.00531512 -0.00302489 0.999979
757 -113.044 -0.627936 -0.863804 0.00215952 -0.00496687 -0.00147546 0.999984
758 -111.69 -0.61816 -0.84297 0.00248868 -0.00395374 -0.000474848 0.999989
759 -110.301 -0.607232 -0.817457 0.00211739 -0.00414698 0.000431148 0.999989
760 -108.887 -0.59951 -0.80225 0.0020638 -0.00465474 0.00114666 0.999986
761 -107.474 -0.591491 -0.77391 0.0027486 -0.0050019 0.00144891 0.999983
762 -106.058 -0.580164 -0.749718 0.00234778 -0.00561813 0.00201752 0.999979
763 -104.636 -0.563393 -0.733336 0.00179846 -0.00569322 0.00225489 0.99998
764 -103.183 -0.554394 -0.695335 0.00160887 -0.00507457 0.00250824 0.999983
765 -101.71 -0.529978 -0.685352 0.00103928 -0.00370916 0.00229285 0.99999
766 -100.22 -0.51797 -0.657441 0.0011921 -0.00268035 0.00178978 0.999994
767 -98.7113 -0.510601 -0.6362 0.00110451 -0.00133673 0.00184802 0.999997
768 -97.1978 -0.497929 -0.624967 0.00125638 0.0014941 0.00146929 0.999997
769 -95.6792 -0.481035 -0.621198 0.00116055 0.00436998 0.00156231 0.999989
770 -94.1639 -0.468202 -0.610618 0.000656525 0.00582151 0.00171401 0.999981
771 -92.6563 -0.454524 -0.611813 -0.000129763 0.00673615 0.00140594 0.999976
772 -91.1494 -0.447285 -0.609212 0.000110085 0.00701413 0.00162183 0.999974
773 -89.6453 -0.427166 -0.600607 0.00019826 0.00627723 0.00172726 0.999979
774 -88.1402 -0.416391 -0.594912 0.000347869 0.00503952 0.00131574 0.999986
775 -86.6328 -0.40542 -0.585547 0.000590635 0.00505683 0.00106256 0.999986
776 -85.1264 -0.395544 -0.590189 0.000986462 0.00622333 0.000421091 0.99998
777 -83.6284 -0.39121 -0.579811 0.00167808 0.00612946 0.00014773 0.99998
778 -82.1249 -0.383714 -0.573497 0.00141618 0.00546708 -8.30498e-07 0.999984
779 -80.6181 -0.375656 -0.570976 0.00164736 0.00550049 -0.000500054 0.999983
780 -79.1155 -0.37679 -0.56654 0.00208416 0.00639042 -0.000662191 0.999977
781 -77.6057 -0.367544 -0.563996 0.00262524 0.00747 -0.00102459 0.999968
782 -76.1047 -0.368175 -0.563163 0.00296748 0.00826498 -0.000909033 0.999961
783 -74.6077 -0.360877 -0.56515 0.00318194 0.00781876 -0.00069318 0.999964
784 -73.1096 -0.356817 -0.554134 0.00282898 0.00576024 -0.000652272 0.999979
785 -71.6205 -0.350224 -0.55559 0.00105322 0.00454169 -0.000144218 0.999989
786 -70.1255 -0.332366 -0.546461 0.00064773 0.00525656 0.000163301 0.999986
787 -68.6312 -0.325645 -0.544776 0.000291016 0.00588264 0.000156257 0.999983
788 -67.1496 -0.329127 -0.53112 0.00144054 0.00485055 0.000558783 0.999987
789 -65.6629 -0.319308 -0.534933 0.00200929 0.00517414 0.000783841 0.999984
790 -64.177 -0.321509 -0.516026 0.00292865 0.00655319 0.00124695 0.999973
791 -62.6989 -0.312066 -0.51635 0.00295101 0.00590715 0.0018273 0.999977
792 -61.2153 -0.298853 -0.50946 0.00313904 0.00411232 0.00224606 0.999984
793 -59.7329 -0.292646 -0.496973 0.00317686 0.00439642 0.00306752 0.999981
794 -58.2522 -0.269273 -0.494806 0.00351783 0.00667227 0.00385418 0.999964
795 -56.7878 -0.255168 -0.487707 0.00364897 0.007016 0.00432671 0.999959
796 -55.3311 -0.228322 -0.485335 0.00333234 0.00639665 0.00494637 0.999962
797 -53.8692 -0.196617 -0.485233 0.00278821 0.00624526 0.00487191 0.999965
798 -52.4089 -0.180758 -0.479487 0.00218424 0.00627861 0.00510549 0.999965
799 -50.9495 -0.157119 -0.474788 0.00206217 0.00605236 0.00522346 0.999966
800 -49.4935 -0.137053 -0.463192 0.0023138 0.00580876 0.00500967 0.999968
801 -48.0421 -0.115791 -0.461721 0.00249763 0.00581319 0.00493119 0.999968
802 -46.5911 -0.096931 -0.453839 0.00308885 0.00580789 0.0047024 0.999967
803 -45.1443 -0.0849647 -0.441699 0.00369773 0.00596045 0.00417336 0.999967
804 -43.6977 -0.068973 -0.444145 0.00422731 0.00668929 0.0039199 0.999961
805 -42.2497 -0.0489219 -0.438414 0.00415637 0.00676867 0.00342694 0.999963
806 -40.7965 -0.0332266 -0.430254 0.00368636 0.00611378 0.00328232 0.999969
807 -39.35 -0.0132694 -0.420021 0.00329405 0.00511368 0.00291159 0.999977
808 -37.9037 0.00477366 -0.409338 0.00260924 0.00499492 0.00228142 0.999982
809 -36.4699 0.0213213 -0.410843 0.00192318 0.00593106 0.00202385 0.999979
810 -35.0525 0.0378324 -0.405943 0.00166001 0.00684815 0.00136648 0.999974
811 -33.6429 0.0423234 -0.399752 0.00119864 0.00687555 0.000929457 0.999975
812 -32.2171 0.0508439 -0.397604 0.00121661 0.00606778 0.000330988 0.999981
813 -30.7743 0.057193 -0.387145 0.00159346 0.00483863 -0.000591079 0.999987
814 -29.3321 0.0538457 -0.382808 0.00146283 0.00527783 -0.000968388 0.999985
815 -27.8912 0.0626031 -0.37882 0.00154691 0.00607272 -0.00181504 0.999979
816 -26.4827 0.0623881 -0.363483 0.00122372 0.00401071 -0.00242703 0.999988
817 -25.0991 0.0611605 -0.357003 8.05608e-05 0.00137412 -0.00308361 0.999994
818 -23.7046 0.0633566 -0.341722 -0.000456585 4.55398e-05 -0.00388404 0.999992
819 -22.2982 0.0617965 -0.318986 -0.000208258 -0.000378212 -0.00420869 0.999991
820 -20.8844 0.0532458 -0.293537 -0.00010582 -0.000438787 -0.00451727 0.99999
821 -19.469 0.0366613 -0.271811 0.000394982 0.000404158 -0.00481087 0.999988
822 -18.0739 0.0266525 -0.250148 0.000878716 0.00138577 -0.00488888 0.999987
823 -16.6887 0.0213281 -0.232959 0.0014891 0.0015164 -0.00504663 0.999985
824 -15.3047 0.0158038 -0.212148 0.00174932 0.000709368 -0.00466746 0.999987
825 -13.9196 0.00723805 -0.186536 0.00208783 0.00017477 -0.00436071 0.999988
826 -12.5369 -0.00577356 -0.176098 0.00152181 0.000653732 -0.0039965 0.999991
827 -11.1645 -0.00865389 -0.150249 0.00183635 0.00100424 -0.00327185 0.999992
828 -9.78939 -0.00563955 -0.137126 0.00127781 0.00139993 -0.002572 0.999995
829 -8.40341 -0.00838204 -0.118276 0.00165847 0.00182747 -0.00210691 0.999995
830 -7.03443 -0.00889256 -0.100377 0.00205073 0.00109086 -0.00141693 0.999996
831 -5.67176 -0.00327846 -0.0826904 0.00230385 0.000178183 -0.0014697 0.999996
832 -4.29774 -0.0024728 -0.0616319 0.0022599 -0.00021432 -0.00114697 0.999997
833 -2.91459 0.000888651 -0.0422302 0.00197082 1.60833e-05 -0.000861188 0.999998
834 -1.54246 0.00165817 -0.0251532 0.00178476 0.000357893 -0.000861633 0.999998
835 -0.187171 0.0100829 -2.47148e-05 0.00118035 7.43287e-05 -0.000790177 0.999999
836 1.17609 0.0162083 0.0156354 0.000913144 0.000215128 -0.000759313 0.999999
837 2.54181 0.0232723 0.0368299 0.00106043 0.000326668 -0.000442593 0.999999
838 3.88194 0.0335903 0.0529649 0.000935992 0.000347814 -0.000388632 0.999999
839 5.23767 0.0372413 0.0798252 0.00109562 0.000199131 -0.000550564 0.999999
840 6.60501 0.0433468 0.095508 0.000954126 -1.33088e-05 -0.000216377 1
841 7.96012 0.047829 0.12047 0.000954113 0.00053003 -0.000282973 0.999999
842 9.31371 0.0453412 0.128832 0.000415588 0.00102439 -0.000490157 0.999999
843 10.6737 0.0548013 0.153547 0.000434719 0.000904992 -0.000369824 0.999999
844 12.0394 0.0594699 0.169639 0.000254908 0.000563835 -0.000593024 1
845 13.3862 0.0697341 0.191898 0.000619267 0.000559328 -0.000492155 1
846 14.7388 0.0699043 0.206141 0.000394038 0.000608749 -0.000439726 1
847 16.1028 0.0664342 0.226459 0.000960044 0.000805221 -0.00072967 0.999999
848 17.4534 0.078712 0.241159 0.000940247 0.00102367 -0.000648363 0.999999
849 18.7944 0.0794697 0.259726 0.000950665 0.000809654 -0.000686155 0.999999
850 20.1545 0.0761473 0.279959 0.000830748 0.000396999 -0.000841564 0.999999
851 21.5147 0.0954341 0.294325 0.000761454 0.000668997 -0.000373373 0.999999
852 22.8532 0.0913092 0.316981 0.000820111 0.000650432 -0.00035542 0.999999
853 24.1943 0.0983344 0.339697 0.000666747 0.000566169 4.63601e-05 1
854 25.5472 0.108669 0.350986 0.000750616 0.0012138 0.000340266 0.999999
855 26.8743 0.107279 0.374024 0.0014634 0.00192299 0.000186464 0.999997
856 28.2031 0.121124 0.387252 0.0012114 0.00162718 0.000245632 0.999998
857 29.5412 0.126048 0.40568 0.0017599 0.00125062 0.000103352 0.999998
858 30.8588 0.127018 0.42365 0.00133963 0.00100195 -0.000382255 0.999999
859 32.1954 0.128777 0.440178 0.00165223 0.00125565 -0.000495316 0.999998
860 33.5364 0.13432 0.456911 0.00213833 0.00151609 -0.000804423 0.999996
861 34.8483 0.13676 0.477823 0.0022713 0.00154975 -0.000948179 0.999996
862 36.1692 0.130221 0.495156 0.00284907 0.00160029 -0.00118337 0.999994
863 37.488 0.145614 0.513401 0.0033449 0.0021203 -0.00125125 0.999991
864 38.7908 0.14169 0.525823 0.00362871 0.00265006 -0.00105238 0.999989
865 40.1081 0.14513 0.544661 0.00366077 0.00276995 -0.000546847 0.999989
866 41.3954 0.147996 0.561286 0.00335889 0.00266433 0.000119422 0.999991
867 42.6947 0.159806 0.570195 0.00185429 0.00324916 0.000760612 0.999993
868 43.9854 0.16015 0.58392 0.00180171 0.00485038 0.000977225 0.999986
869 45.2787 0.175951 0.59201 0.00133592 0.00653009 0.00139417 0.999977
870 46.5813 0.192607 0.590895 0.00126172 0.00834429 0.00200508 0.999962
871 47.8684 0.195807 0.596361 0.00144999 0.008917 0.00229587 0.999957
872 49.1572 0.212479 0.596566 0.00183392 0.00802562 0.00283192 0.999962
873 50.4283 0.208685 0.594374 0.00125346 0.00720436 0.00305553 0.999969
874 51.7107 0.235256 0.590428 0.000828756 0.00696623 0.00370052 0.999969
875 52.9819 0.252101 0.597559 0.000777744 0.00665118 0.00434237 0.999968
876 54.2487 0.270046 0.597888 0.000344943 0.00622472 0.00452203 0.99997
877 55.5197 0.290065 0.603321 0.000391778 0.00653295 0.00522544 0.999965
878 56.7821 0.311265 0.608244 0.000484725 0.00698185 0.00574494 0.999959
879 58.0407 0.32079 0.611609 0.000400552 0.00692767 0.00595792 0.999958
880 59.3072 0.352325 0.614773 0.00021176 0.00668084 0.00637965 0.999957
881 60.5665 0.36395 0.615055 0.000587985 0.00643949 0.00647855 0.999958
882 61.8255 0.401051 0.625726 0.00117959 0.00602133 0.00690192 0.999957
883 63.0856 0.416857 0.631296 0.00152862 0.00605516 0.00744026 0.999953
884 64.3358 0.435136 0.628883 0.00181589 0.00684843 0.00761989 0.999946
885 65.5846 0.459351 0.6383 0.00161281 0.00645527 0.00800298 0.999946
886 66.8227 0.493555 0.645145 0.000395725 0.00574391 0.00820341 0.99995
887 68.0636 0.516119 0.643859 -0.000764009 0.00585499 0.00801862 0.99995
888 69.299 0.550324 0.65251 -0.00180224 0.00597425 0.00788881 0.999949
889 70.5337 0.57029 0.651126 -0.00294586 0.00609738 0.0072728 0.999951
890 71.7661 0.592602 0.660106 -0.00303405 0.00689026 0.00644845 0.999951
891 72.9878 0.61911 0.654452 -0.00338314 0.00774987 0.00558493 0.999949
892 74.1911 0.640658 0.663612 -0.00204124 0.00718225 0.00451549 0.999962
893 75.3665 0.652588 0.681945 -0.00111986 0.00520225 0.00371394 0.999979
894 76.5442 0.659899 0.681681 -0.00188685 0.00547649 0.00286961 0.999979
895 77.7021 0.668301 0.681872 -0.00138041 0.00766308 0.00131842 0.999969
896 78.8131 0.681347 0.693779 -0.00157948 0.00827068 -0.000185933 0.999965
897 79.8988 0.686274 0.696927 -0.00203201 0.00649417 -0.00223112 0.999974
898 80.9951 0.68996 0.705009 -0.00155825 0.00392762 -0.00379474 0.999984
899 82.1023 0.677482 0.721454 -0.000822291 0.00120599 -0.00508011 0.999986
900 83.2139 0.664002 0.735904 -0.000202731 0.0002813 -0.00638786 0.99998
901 84.318 0.657568 0.74761 0.000767885 0.00137656 -0.0071874 0.999973
902 85.412 0.64086 0.757835 0.000732193 0.00242417 -0.00782644 0.999966
903 86.4958 0.626615 0.77199 0.000423614 0.00204472 -0.00818072 0.999964
904 87.577 0.61052 0.788942 0.000449257 0.000971825 -0.00861266 0.999962
905 88.6607 0.592645 0.800022 0.000169897 0.000745741 -0.00925923 0.999957
906 89.7428 0.581355 0.814321 0.000398296 0.00150915 -0.00944654 0.999954
907 90.8142 0.560539 0.83006 0.00108248 0.00241037 -0.00947488 0.999952
908 91.8791 0.540036 0.842245 0.00161668 0.00289832 -0.00946629 0.99995
909 92.9411 0.527867 0.852128 0.00253315 0.00332778 -0.00875049 0.999953
910 94.0031 0.514141 0.864146 0.00388931 0.0033298 -0.0073997 0.99996
911 95.0585 0.504552 0.876539 0.00474217 0.00229873 -0.00540787 0.999971
912 96.1182 0.493003 0.887435 0.00503046 0.000565304 -0.00341749 0.999981
913 97.1786 0.486991 0.895883 0.00454027 -0.00124951 -0.00167515 0.999988
914 98.232 0.50156 0.912561 0.00413803 -0.00192868 0.000361828 0.99999
915 99.2812 0.519654 0.927777 0.00385643 -0.00136511 0.00271928 0.999988
916 100.344 0.539276 0.943402 0.00378169 -0.000435268 0.00591239 0.999975
917 101.424 0.557834 0.962175 0.00377094 3.11818e-05 0.00950836 0.999948
918 102.509 0.584807 0.97405 0.0035283 0.00021257 0.013103 0.999908
919 103.592 0.626431 0.987746 0.00255886 0.000755181 0.01639 0.999862
920 104.679 0.671444 0.998377 0.000836564 0.00152186 0.0186319 0.999825
921 105.782 0.714703 1.01065 -0.00119941 0.00135044 0.0192197 0.999814
922 106.895 0.77352 1.01759 -0.00362792 0.000772261 0.0185703 0.999821
923 108.008 0.821789 1.02493 -0.00551575 0.000276141 0.0161866 0.999854
924 109.133 0.871394 1.03705 -0.0067095 0.000565523 0.0134078 0.999887
925 110.262 0.908786 1.04699 -0.00756185 0.00122265 0.0100668 0.99992
926 111.404 0.93167 1.05675 -0.00793405 0.00155545 0.00579819 0.999951
927 112.554 0.939873 1.06691 -0.00848004 0.00114684 0.00133989 0.999962
928 113.71 0.939473 1.07524 -0.008871 0.000673823 -0.00384488 0.999953
929 114.861 0.943385 1.08536 -0.00858902 0.000598494 -0.00854792 0.999926
930 116.017 0.918127 1.09578 -0.00804433 0.000209298 -0.0132613 0.99988
931 117.184 0.882908 1.11495 -0.00713786 -9.27625e-05 -0.0182635 0.999808
932 118.361 0.848829 1.12305 -0.00654145 5.74603e-05 -0.0223589 0.999729
933 119.552 0.787468 1.1382 -0.00632328 0.000560858 -0.0260942 0.999639
934 120.749 0.732215 1.15096 -0.00644614 0.000967016 -0.0288504 0.999562
935 121.947 0.66211 1.16202 -0.00726401 0.00135155 -0.031295 0.999483
936 123.15 0.587499 1.17246 -0.0084776 0.00177814 -0.0339512 0.999386
937 124.366 0.518104 1.17336 -0.00999288 0.00191724 -0.0358018 0.999307
938 125.602 0.424132 1.18437 -0.00969941 0.00264927 -0.0374081 0.999249
939 126.841 0.351597 1.18686 -0.0093512 0.00250839 -0.0380897 0.999227
940 128.086 0.258214 1.20158 -0.0087705 0.000717901 -0.0380382 0.999238
941 129.34 0.159698 1.20879 -0.00646406 0.000143139 -0.037708 0.999268
942 130.607 0.0661768 1.2114 -0.00421555 0.00142097 -0.0364232 0.999327
943 131.884 -0.0295553 1.22191 -0.00188532 0.00238135 -0.0348913 0.999386
944 133.177 -0.109779 1.22218 0.000335501 0.00341669 -0.0323236 0.999472
945 134.482 -0.184084 1.22772 0.00287667 0.00357553 -0.0290345 0.999568
946 135.793 -0.264091 1.2354 0.004465 0.00299444 -0.025779 0.999653
947 137.117 -0.328866 1.23709 0.0058106 0.00281555 -0.0222876 0.999731
948 138.45 -0.386332 1.24136 0.00608417 0.00317185 -0.0189679 0.999797
949 139.8 -0.443465 1.24394 0.00596684 0.00383986 -0.0163782 0.999841
950 141.164 -0.466099 1.24643 0.00520348 0.00474492 -0.0135635 0.999883
951 142.534 -0.48882 1.24504 0.00465463 0.00437881 -0.0111981 0.999917
952 143.913 -0.501423 1.25369 0.00407646 0.00296614 -0.00848148 0.999951
953 145.303 -0.509597 1.24827 0.00357888 0.00178296 -0.00587498 0.999975
954 146.696 -0.530967 1.27066 0.00354997 -0.000258957 -0.00399402 0.999986
955 148.11 -0.531736 1.28181 0.00258497 -0.00213299 -0.00268119 0.999991
956 149.531 -0.517374 1.29538 0.00259996 -0.00259674 -0.00206557 0.999991
957 150.947 -0.504599 1.31684 0.0022499 -0.00232113 -0.0017954 0.999993
958 152.357 -0.509217 1.33745 0.0020612 -0.00160966 -0.000911682 0.999996
959 153.784 -0.519132 1.35759 0.0017272 -0.000726857 -0.000266016 0.999998
960 155.238 -0.507993 1.3759 0.00173622 -0.000116157 0.00062034 0.999998
961 156.712 -0.487822 1.39441 0.00127303 0.000530147 0.00154429 0.999998
962 158.182 -0.476483 1.41103 0.00159682 0.00159345 0.00222007 0.999995
963 159.637 -0.453888 1.42602 0.00123106 0.00216723 0.00348887 0.999991
964 161.073 -0.446447 1.44358 0.00098515 0.00199429 0.00443068 0.999988
965 162.498 -0.419811 1.45878 0.000379573 0.00152335 0.00535644 0.999984
966 163.925 -0.395909 1.47494 8.15945e-05 0.00111518 0.00569667 0.999983
967 165.358 -0.372104 1.49533 -0.000610254 0.000356846 0.00538522 0.999985
968 166.805 -0.349863 1.51341 -0.00103914 0.00015022 0.0052119 0.999986
969 168.257 -0.325355 1.53288 -0.00122272 0.0011583 0.00517413 0.999985
970 169.695 -0.304291 1.55354 -0.00110567 0.00180407 0.00478331 0.999986
971 171.13 -0.282384 1.57108 -0.00134909 0.00217097 0.00466993 0.999986
972 172.555 -0.265075 1.58585 -0.00167138 0.00220498 0.0043009 0.999987
973 173.978 -0.243077 1.60894 -0.00207314 0.0018007 0.00407766 0.999988
974 175.398 -0.239057 1.62021 -0.00257791 0.00165018 0.00349968 0.999989
975 176.818 -0.218742 1.63677 -0.00231557 0.00126797 0.0023208 0.999994
976 178.249 -0.189754 1.65293 -0.0016411 0.00041478 0.00159064 0.999997
977 179.688 -0.181152 1.68097 -0.000396767 0.000278369 0.000943316 0.999999
978 181.127 -0.179671 1.70493 -1.75366e-05 0.00177821 0.000144046 0.999998
979 182.555 -0.180452 1.70659 0.000536364 0.00391901 -0.000410723 0.999992
980 183.943 -0.177998 1.72892 0.000180423 0.00347926 -0.00137028 0.999993
981 185.31 -0.166898 1.73897 -0.000782462 0.00203031 -0.00199019 0.999996
982 186.696 -0.176493 1.75576 -0.000909688 0.00127884 -0.00252365 0.999996
983 188.098 -0.176607 1.7711 -0.000720063 0.00147467 -0.00336649 0.999993
984 189.504 -0.17131 1.78715 -0.000127967 0.00239143 -0.00377986 0.99999
985 190.886 -0.167388 1.80307 0.000709137 0.00329012 -0.00398763 0.999986
986 192.257 -0.175966 1.81229 0.00139659 0.00317964 -0.00408042 0.999986
987 193.642 -0.184928 1.83608 0.00188397 0.0023882 -0.00373914 0.999988
988 195.032 -0.195229 1.8501 0.00199234 0.00161954 -0.00367325 0.99999
989 196.408 -0.194329 1.87284 0.0021122 0.00145118 -0.00360916 0.99999
990 197.769 -0.201259 1.87907 0.00185924 0.00189654 -0.00334135 0.999991
991 199.144 -0.20858 1.89939 0.00187327 0.00267322 -0.00336731 0.999989
992 200.513 -0.209202 1.91888 0.00154473 0.00280886 -0.00332038 0.999989
993 201.859 -0.213398 1.92923 0.00149888 0.00307246 -0.00340428 0.999988
994 203.206 -0.21382 1.94216 0.00124325 0.00303365 -0.00349466 0.999989
995 204.564 -0.217952 1.95799 0.000927714 0.00271897 -0.00335332 0.99999
996 205.903 -0.224469 1.97031 0.00116368 0.00253288 -0.00348368 0.99999
997 207.245 -0.22246 1.98742 0.00134744 0.00229553 -0.00316452 0.999991
998 208.602 -0.23283 2.00394 0.00139101 0.00252762 -0.00296484 0.999991
999 209.937 -0.23267 2.01817 0.00109638 0.00284168 -0.00328187 0.99999
1000 211.258 -0.229833 2.03057 0.00128115 0.00274932 -0.00299565 0.999991
1001 212.588 -0.236434 2.0468 0.00148942 0.00273696 -0.00276331 0.999991
1002 213.889 -0.23827 2.06678 0.00189659 0.00335722 -0.00231456 0.99999
1003 215.185 -0.234769 2.0739 0.00201838 0.00425956 -0.00132292 0.999988
1004 216.449 -0.241285 2.09738 0.00246768 0.00536894 -0.000787303 0.999982
1005 217.699 -0.227423 2.10436 0.00217059 0.00653059 8.80238e-05 0.999976
1006 218.894 -0.224059 2.11869 0.00179887 0.00651937 0.00078007 0.999977
1007 220.088 -0.219971 2.13032 0.00161493 0.00610635 0.00137692 0.999979
1008 221.254 -0.196695 2.13774 0.00184631 0.00614615 0.00237235 0.999977
1009 222.379 -0.183635 2.15147 0.00191477 0.00613119 0.00378909 0.999972
1010 223.475 -0.171038 2.16504 0.00228081 0.00582154 0.00590718 0.999963
1011 224.542 -0.149426 2.17796 0.00182505 0.00561591 0.00798582 0.999951
1012 225.574 -0.131854 2.19064 0.0014755 0.00544681 0.00929231 0.999941
1013 226.579 -0.0904967 2.19978 0.000401962 0.00551459 0.0104057 0.999931
1014 227.558 -0.0685596 2.21418 0.000338568 0.0061977 0.0111612 0.999918
1015 228.503 -0.0410147 2.22191 0.000563991 0.00700606 0.011656 0.999907
1016 229.414 -0.0133021 2.2345 0.000627973 0.00723221 0.0123811 0.999897
1017 230.284 0.0101268 2.24253 0.000381337 0.00715892 0.0129365 0.999891
1018 231.117 0.0417831 2.25028 0.000824876 0.00692838 0.0139806 0.999878
1019 231.924 0.0744184 2.25976 0.000201466 0.0061532 0.0150413 0.999868
1020 232.693 0.0977783 2.26612 -0.000602175 0.00489933 0.0154334 0.999869
1021 233.452 0.126849 2.27789 -0.00151855 0.00312731 0.0150508 0.999881
1022 234.205 0.152282 2.28369 -0.00240629 0.00148598 0.0131797 0.999909
1023 234.976 0.170405 2.29278 -0.00216881 0.00098943 0.0107261 0.99994
1024 235.756 0.189848 2.30319 -0.00131224 0.00135739 0.00829102 0.999964
1025 236.546 0.197279 2.31154 -0.000438953 0.00199587 0.00603065 0.99998
1026 237.32 0.212098 2.32086 0.000301531 0.00255558 0.00395276 0.999989
1027 238.099 0.213915 2.32905 0.000320174 0.00268647 0.00183551 0.999995
1028 238.843 0.210648 2.34117 0.000395 0.00262715 -0.00032119 0.999996
1029 239.603 0.211269 2.348 0.00029953 0.00263908 -0.00231875 0.999994
1030 240.35 0.214501 2.35207 0.000348196 0.00290192 -0.00442429 0.999986
1031 241.108 0.210345 2.36003 0.000414377 0.00340566 -0.00601212 0.999976
1032 241.861 0.195605 2.36621 0.000398185 0.00410638 -0.00757445 0.999963
1033 242.616 0.189535 2.3731 0.000770523 0.00437451 -0.00846137 0.999954
1034 243.35 0.178313 2.38032 0.00100825 0.00388919 -0.00890511 0.999952
1035 244.081 0.170763 2.38579 0.00099918 0.00258655 -0.00927571 0.999953
1036 244.812 0.161184 2.39258 0.000417934 0.00079152 -0.00952067 0.999954
1037 245.552 0.149488 2.40057 0.000472265 -0.000347516 -0.00975735 0.999952
1038 246.305 0.133032 2.40907 0.000842411 -0.000442062 -0.00956402 0.999954
1039 247.07 0.126683 2.42285 0.00134939 -0.000190333 -0.00911513 0.999958
1040 247.829 0.112421 2.42856 0.000799144 -0.000153938 -0.0088195 0.999961
1041 248.596 0.113887 2.43902 0.000648395 -0.000813383 -0.00833106 0.999965
1042 249.347 0.100308 2.45237 0.00122528 -0.0021564 -0.00855377 0.99996
1043 250.115 0.0867467 2.47038 0.00270795 -0.00292451 -0.00891889 0.999952
1044 250.897 0.0656121 2.48926 0.00320439 -0.00168645 -0.00942913 0.999949
1045 251.701 0.0688515 2.48268 0.00121667 0.00125786 -0.0100482 0.999948
1046 252.511 0.0493596 2.49092 0.00122131 0.00388857 -0.0106337 0.999935
1047 253.307 0.0243503 2.5047 0.00254801 0.00391152 -0.0115931 0.999922
1048 254.091 0.00672092 2.51207 0.00174036 0.00110261 -0.0130122 0.999913
1049 254.889 0.00065057 2.5198 0.000813469 -0.0013295 -0.0146926 0.999891
1050 255.711 -0.0151302 2.52512 -5.44529e-05 -0.001748 -0.0161688 0.999868
1051 256.541 -0.0425939 2.53397 0.000111967 -0.000935907 -0.0171234 0.999853
1052 257.37 -0.0817984 2.54556 0.00145533 0.000232027 -0.0180628 0.999836
1053 258.198 -0.116656 2.55468 0.00323464 0.00100856 -0.018864 0.999816
1054 259.024 -0.13886 2.56803 0.00356041 0.000680191 -0.0199339 0.999795
1055 259.86 -0.1637 2.57467 0.00254956 -0.000608191 -0.0210128 0.999776
1056 260.696 -0.197354 2.58688 0.00174675 -0.00225979 -0.0217977 0.999758
1057 261.545 -0.234581 2.59418 0.00132055 -0.00306755 -0.0224937 0.999741
1058 262.421 -0.268526 2.61075 0.00100154 -0.00235823 -0.0230971 0.99973
1059 263.303 -0.306643 2.62317 0.000429811 -0.00128538 -0.0242009 0.999706
1060 264.183 -0.335685 2.63361 0.000548971 -0.00108646 -0.0253487 0.999678
1061 265.083 -0.371813 2.64333 0.00054583 -0.00127157 -0.0256597 0.99967
1062 265.997 -0.428506 2.65657 0.00141777 -0.00134009 -0.0254841 0.999673
1063 266.923 -0.480015 2.66909 0.00189095 -0.00101681 -0.0250471 0.999684
1064 267.854 -0.531117 2.68559 0.00230563 -0.000802746 -0.0249412 0.999686
1065 268.771 -0.565224 2.69615 0.00276705 -0.000512757 -0.0253582 0.999674
1066 269.681 -0.596538 2.70636 0.00294968 -4.80101e-05 -0.0256572 0.999666
1067 270.605 -0.635166 2.71155 0.00286154 0.000844515 -0.0256067 0.999668
1068 271.546 -0.688448 2.72484 0.00287619 0.00119897 -0.0248954 0.999685
1069 272.492 -0.732523 2.73648 0.00298305 0.00097068 -0.0238706 0.99971
1070 273.45 -0.770714 2.74907 0.00280697 0.000466632 -0.0227232 0.999738
1071 274.415 -0.799743 2.76133 0.00202339 0.000109533 -0.0213697 0.99977
1072 275.373 -0.830864 2.77461 0.00123653 -5.95394e-05 -0.0199478 0.9998
1073 276.317 -0.872424 2.78728 0.000676594 0.000199352 -0.0183539 0.999831
1074 277.247 -0.892556 2.79954 9.88201e-05 0.000887875 -0.0170195 0.999855
1075 278.16 -0.917727 2.81246 0.00028072 0.00190775 -0.0162402 0.999866
1076 279.055 -0.943024 2.82343 0.00033159 0.00274035 -0.0153511 0.999878
1077 279.96 -0.961857 2.83663 0.000228304 0.00310306 -0.0143475 0.999892
1078 280.885 -0.978963 2.84586 -0.000130112 0.00309886 -0.0133954 0.999905
1079 281.83 -1.00059 2.85247 0.000454257 0.00304697 -0.0123027 0.99992
1080 282.773 -1.02654 2.86285 0.000764018 0.00283956 -0.0112487 0.999932
1081 283.701 -1.04389 2.87048 0.000688804 0.0026707 -0.0104334 0.999942
1082 284.613 -1.05213 2.87833 0.000268372 0.00305784 -0.0100075 0.999945
1083 285.499 -1.06379 2.89267 0.000345378 0.00356046 -0.00989111 0.999945
1084 286.364 -1.07697 2.90569 -0.000245123 0.00340025 -0.009151 0.999952
1085 287.21 -1.08415 2.91173 -0.00138846 0.00234393 -0.00879105 0.999958
1086 288.029 -1.08767 2.92659 -0.00280021 0.000886546 -0.00871076 0.999958
1087 288.834 -1.09778 2.94002 -0.00380172 -0.000275721 -0.00873544 0.999955
1088 289.653 -1.1057 2.95629 -0.00453966 -0.000650277 -0.00880422 0.999951
1089 290.469 -1.11502 2.96912 -0.00546167 -0.000848734 -0.00906246 0.999944
1090 291.288 -1.12898 2.98413 -0.00623737 -0.00117873 -0.00948771 0.999935
1091 292.109 -1.13953 3 -0.00717456 -0.00173919 -0.010201 0.999921
1092 292.928 -1.15089 3.01391 -0.0077656 -0.00185769 -0.0111298 0.999906
1093 293.743 -1.15816 3.02703 -0.00821781 -0.00119335 -0.0115932 0.999898
1094 294.549 -1.18164 3.04387 -0.0079588 -0.000211164 -0.0120053 0.999896
1095 295.358 -1.18947 3.05934 -0.0073636 0.000818221 -0.0121729 0.999898
1096 296.16 -1.20858 3.07212 -0.00676107 0.00196853 -0.0114982 0.999909
1097 296.961 -1.21924 3.08291 -0.00632859 0.0027118 -0.0106239 0.99992
1098 297.747 -1.2381 3.09227 -0.00605132 0.00320691 -0.00983884 0.999928
1099 298.537 -1.24736 3.09317 -0.00528416 0.00359038 -0.00904234 0.999939
1100 299.334 -1.26028 3.10843 -0.00452621 0.00396781 -0.00813054 0.999949
