0 3.10098e-13 1.59101e-12 -6.46348e-16 1.39859e-11 1.33292e-11 -7.90653e-11 1
1 0.0406738 0.0060215 0.0038619 -0.000243 0.0001344 0.0033677 0.999994
2 0.0806745 0.00602145 0.00386191 -0.000243003 0.000134399 0.00336774 0.999994
3 0.167947 0.0120204 0.00764675 -0.000196914 -7.45961e-05 0.0072607 0.999974
4 0.268041 0.0253289 0.00826726 -0.000424841 -0.000708177 0.0118666 0.999929
5 0.391054 0.039242 0.00911566 -0.000540674 -0.00155606 0.0174742 0.999846
6 0.520179 0.0543646 0.00814336 -0.000485213 -0.00212654 0.0242341 0.999704
7 0.657157 0.0735055 0.00706628 -0.000496264 -0.00220923 0.0324352 0.999471
8 0.812567 0.0964751 0.008365 5.31735e-05 -0.00231551 0.0416351 0.99913
9 0.978205 0.12103 0.015095 0.000945092 -0.00234333 0.0516998 0.998659
10 1.13967 0.153359 0.0172369 0.000599094 -0.00269726 0.062894 0.998016
11 1.31968 0.205234 0.0221333 -0.000819626 -0.00337273 0.0749382 0.997182
12 1.49789 0.265032 0.0272592 -0.00308336 -0.00450022 0.087936 0.996111
13 1.67294 0.325557 0.032314 -0.00481243 -0.00528282 0.101541 0.994806
14 1.87313 0.395807 0.0399188 -0.00521983 -0.00562793 0.116458 0.993166
15 2.06179 0.461544 0.0433954 -0.00598846 -0.00585795 0.132224 0.991184
16 2.26707 0.558585 0.0431614 -0.00671212 -0.00579207 0.148489 0.988874
17 2.45978 0.653181 0.0531905 -0.00789903 -0.00553307 0.165935 0.986089
18 2.64413 0.742981 0.0509707 -0.00913496 -0.00594238 0.183594 0.982942
19 2.85616 0.869687 0.0515127 -0.0109435 -0.00618272 0.201073 0.979496
20 3.05745 0.991707 0.0477708 -0.0112802 -0.00649441 0.219677 0.975486
21 3.23957 1.10116 0.0464232 -0.00948309 -0.00683641 0.239561 0.970811
22 3.44381 1.24571 0.058458 -0.00742612 -0.00676868 0.26036 0.965459
23 3.62629 1.39065 0.0675306 -0.00784076 -0.00581862 0.282902 0.959099
24 3.81773 1.58149 0.0662798 -0.0101578 -0.00519732 0.306866 0.951684
25 3.99459 1.77669 0.0719319 -0.0120712 -0.005195 0.331752 0.943275
26 4.15626 1.95812 0.0663573 -0.0117815 -0.00563097 0.357341 0.933883
27 4.34694 2.18754 0.0794539 -0.00952761 -0.00454617 0.383667 0.923411
28 4.51801 2.41746 0.0830459 -0.00746999 -0.00370047 0.410166 0.911973
29 4.66658 2.64633 0.0843498 -0.00658605 -0.00273181 0.436305 0.899771
30 4.83127 2.93424 0.0821333 -0.00602573 -0.00148994 0.462666 0.886511
31 4.97266 3.21874 0.0852487 -0.00599204 -0.000714436 0.489158 0.872174
32 5.08978 3.50439 0.0813248 -0.00628521 6.62042e-05 0.515032 0.857148
33 5.21583 3.85281 0.0829533 -0.00660198 0.00119472 0.540687 0.841197
34 5.30698 4.1747 0.0794204 -0.00714414 0.00178847 0.56544 0.824756
35 5.40581 4.55668 0.079546 -0.00743633 0.00325861 0.589288 0.807882
36 5.47655 4.94111 0.0803517 -0.0067919 0.0052425 0.611602 0.791119
37 5.53087 5.30762 0.0898837 -0.00642867 0.0061735 0.631962 0.774948
38 5.57497 5.72833 0.0825293 -0.00736614 0.00538719 0.650514 0.75944
39 5.59351 6.14177 0.0690859 -0.00832853 0.00433246 0.66661 0.745348
40 5.60972 6.60536 0.0612215 -0.00845164 0.00287174 0.68079 0.732424
41 5.61861 7.07193 0.0587561 -0.00747551 0.00204118 0.693463 0.720451
42 5.61105 7.534 0.0598398 -0.00644758 0.00135963 0.704689 0.709486
43 5.58465 8.02347 0.0555732 -0.00597267 0.00033841 0.714193 0.699923
44 5.55683 8.52989 0.0496001 -0.00549909 -0.000738754 0.721535 0.692356
45 5.51085 9.06657 0.0409439 -0.00521435 -0.00130887 0.727334 0.686263
46 5.46902 9.61408 0.0435741 -0.00513382 -0.000974947 0.731671 0.681638
47 5.4157 10.1597 0.0412557 -0.00568428 -0.000645345 0.735015 0.678027
48 5.35854 10.74 0.0461785 -0.00652756 -0.000663423 0.737327 0.675504
49 5.2951 11.3274 0.0422662 -0.00684723 -0.000154238 0.73884 0.673847
50 5.23572 11.9307 0.0394771 -0.00684689 0.000358469 0.739414 0.673216
51 5.17959 12.5512 0.0369263 -0.00715353 0.0013501 0.739207 0.673439
52 5.1212 13.2017 0.0334131 -0.00765628 0.00232308 0.738687 0.674001
53 5.05761 13.8504 0.0270114 -0.00801582 0.00203 0.738098 0.674642
54 4.98891 14.5128 0.0308112 -0.00825443 0.000506954 0.737503 0.675293
55 4.92933 15.1993 0.0199832 -0.00835971 0.000262357 0.737016 0.675824
56 4.8684 15.8929 0.0131471 -0.0089422 0.00149417 0.736399 0.676487
57 4.79735 16.617 0.00486584 -0.0102374 0.00246625 0.735824 0.677091
58 4.73689 17.3439 -0.00221012 -0.0109838 0.00324714 0.735118 0.677843
59 4.67081 18.0929 -0.00744534 -0.0118656 0.00208332 0.734482 0.678521
60 4.60624 18.8457 -0.0126498 -0.0120207 0.000325866 0.733871 0.679182
61 4.53879 19.6085 -0.0194351 -0.0119115 -4.32956e-05 0.733391 0.679703
62 4.48514 20.3896 -0.0373071 -0.0117278 0.00138278 0.732939 0.680192
63 4.42868 21.1772 -0.0424002 -0.0120189 0.00251197 0.732427 0.680735
64 4.3682 21.9765 -0.0559773 -0.0118878 0.00340898 0.732093 0.681093
65 4.3015 22.781 -0.0583463 -0.0101289 0.00250393 0.731857 0.681379
66 4.23928 23.586 -0.060558 -0.00823739 -0.000274333 0.73179 0.68148
67 4.18853 24.406 -0.0692581 -0.00684292 -0.00219167 0.731881 0.681395
68 4.1267 25.227 -0.0652381 -0.00616307 -0.000981653 0.732062 0.681209
69 4.06192 26.0679 -0.0702312 -0.00760207 0.00255061 0.731998 0.68126
70 3.99518 26.93 -0.0763381 -0.0106898 0.00419494 0.731982 0.681227
71 3.91599 27.7735 -0.0846521 -0.0123434 0.00601597 0.732161 0.680993
72 3.8481 28.618 -0.0904841 -0.0135162 0.00542183 0.732166 0.68097
73 3.78629 29.4591 -0.0997501 -0.0130061 0.0040068 0.732278 0.680869
74 3.72104 30.2971 -0.102668 -0.0130031 0.00236486 0.732527 0.680609
75 3.65679 31.1409 -0.117535 -0.0133158 0.00254744 0.732642 0.680479
76 3.58172 31.9833 -0.126961 -0.0141285 0.00299756 0.732516 0.680597
77 3.51789 32.8151 -0.131373 -0.0137145 0.00281508 0.732473 0.680652
78 3.45125 33.6434 -0.135644 -0.0130831 0.000155666 0.732208 0.680955
79 3.38263 34.4715 -0.138799 -0.0121377 -0.00143488 0.732261 0.680915
80 3.31628 35.2989 -0.145918 -0.0120163 -0.00127969 0.732088 0.681103
81 3.25146 36.1263 -0.146435 -0.0122474 0.000309995 0.7318 0.68141
82 3.18628 36.9683 -0.154842 -0.0141132 0.00176419 0.731707 0.681471
83 3.13543 37.8028 -0.168053 -0.0148419 0.00460037 0.731592 0.681566
84 3.06453 38.6361 -0.174519 -0.0161939 0.00576426 0.73153 0.681592
85 3.0039 39.4694 -0.18531 -0.0164148 0.00558283 0.731397 0.681731
86 2.94582 40.2852 -0.192878 -0.0151926 0.00420654 0.731348 0.681822
87 2.87417 41.1163 -0.201489 -0.0143106 0.00204995 0.731255 0.681951
88 2.80574 41.9542 -0.211265 -0.0145812 -0.000168115 0.731187 0.682021
89 2.74426 42.7787 -0.224109 -0.0147658 -0.0016916 0.731311 0.681883
90 2.68123 43.6063 -0.226137 -0.0134167 -0.00196168 0.731587 0.681613
91 2.62079 44.4306 -0.226449 -0.0113691 -0.00216514 0.732032 0.681172
92 2.56574 45.2493 -0.223936 -0.0092318 -0.000940536 0.732396 0.680815
93 2.49875 46.0728 -0.222974 -0.0097264 0.000701955 0.732991 0.680168
94 2.43454 46.9013 -0.229098 -0.0106714 0.00360911 0.733652 0.679432
95 2.37326 47.7177 -0.238863 -0.0114233 0.00541144 0.734228 0.678786
96 2.30893 48.5288 -0.240795 -0.0119684 0.00443016 0.734773 0.678193
97 2.23615 49.3257 -0.239619 -0.0115005 0.00244139 0.735247 0.677698
98 2.15579 50.1267 -0.23614 -0.0111179 0.000652795 0.735646 0.677275
99 2.07789 50.9219 -0.240652 -0.011249 -0.000184182 0.735981 0.676909
100 1.99961 51.7172 -0.24658 -0.0128761 -0.00125756 0.736278 0.676556
101 1.92287 52.5097 -0.247362 -0.0134414 -0.000873177 0.736594 0.676201
102 1.85091 53.2953 -0.246337 -0.0136666 -0.00133781 0.737056 0.675693
103 1.77583 54.0826 -0.248587 -0.0142241 -0.00171734 0.73709 0.675643
104 1.70545 54.8531 -0.254345 -0.0142405 -0.000597402 0.737272 0.675446
105 1.62902 55.6392 -0.256965 -0.0149661 0.000405855 0.737441 0.675245
106 1.56458 56.4137 -0.270928 -0.0161364 0.00189685 0.737217 0.675461
107 1.48155 57.1944 -0.271623 -0.0172477 0.00264377 0.737407 0.675223
108 1.41611 57.9453 -0.276565 -0.0169805 0.00315392 0.737609 0.675007
109 1.34519 58.6855 -0.282108 -0.015994 0.00291609 0.73768 0.674954
110 1.28088 59.4213 -0.292153 -0.0150197 0.00142862 0.737946 0.674691
111 1.21226 60.136 -0.299162 -0.0146667 -0.000262057 0.737977 0.674666
112 1.14103 60.8386 -0.300715 -0.0133431 -0.000467273 0.737512 0.675202
113 1.07311 61.5386 -0.300434 -0.0135897 -0.0012093 0.736604 0.676187
114 1.01478 62.2123 -0.303292 -0.0141273 -0.00106354 0.735323 0.677569
115 0.968863 62.8737 -0.30138 -0.0145156 -0.000290159 0.73338 0.679663
116 0.911716 63.5226 -0.306298 -0.0147716 0.000268866 0.730949 0.682273
117 0.867249 64.1601 -0.307516 -0.0158616 9.71163e-05 0.727825 0.68558
118 0.835792 64.7885 -0.310595 -0.0172064 -1.76261e-05 0.72366 0.689942
119 0.811021 65.3868 -0.315335 -0.0186912 -0.00046138 0.718601 0.695171
120 0.802279 65.9655 -0.323977 -0.0196619 -0.000705034 0.712222 0.701679
121 0.807861 66.5349 -0.327905 -0.0198554 -0.000359977 0.704442 0.709483
122 0.823664 67.0684 -0.331042 -0.0195066 0.000306499 0.69535 0.718406
123 0.871803 67.584 -0.333474 -0.0191767 0.000455711 0.684944 0.728343
124 0.930376 68.0895 -0.33851 -0.0186286 0.000900589 0.672463 0.739895
125 1.01219 68.5714 -0.344921 -0.0183508 0.00139628 0.658314 0.752518
126 1.11124 69.0206 -0.342886 -0.0176228 0.0019818 0.643024 0.76564
127 1.22058 69.4722 -0.349302 -0.017286 0.00289635 0.62518 0.780284
128 1.37922 69.9013 -0.357475 -0.0154564 0.0040915 0.606223 0.795134
129 1.53761 70.319 -0.348413 -0.0115877 0.00590271 0.585153 0.810818
130 1.74457 70.7192 -0.345804 -0.00840604 0.00631459 0.56337 0.826138
131 1.94082 71.1025 -0.342985 -0.00535202 0.00731609 0.539874 0.841697
132 2.19263 71.4803 -0.352895 -0.00488311 0.00778864 0.516245 0.856391
133 2.42254 71.8449 -0.368141 -0.00390825 0.0083556 0.492428 0.870304
134 2.68135 72.1918 -0.375439 -0.000897196 0.0108682 0.468959 0.883153
135 3.00343 72.5176 -0.357803 0.00402936 0.0142792 0.445265 0.895276
136 3.28101 72.8163 -0.35642 0.00560024 0.0136135 0.420961 0.906959
137 3.59732 73.1064 -0.373394 0.00608028 0.00984814 0.395964 0.918193
138 3.89643 73.388 -0.367413 0.00641486 0.00458815 0.369637 0.929143
139 4.26824 73.6622 -0.370499 0.00605797 -0.000118477 0.342425 0.939526
140 4.63415 73.9254 -0.376973 0.00574639 -0.00179519 0.314401 0.949271
141 5.04016 74.1739 -0.374362 0.00606951 -0.00262152 0.286084 0.958182
142 5.50908 74.4167 -0.379311 0.00512586 -0.00398071 0.258264 0.966053
143 5.96203 74.6418 -0.361195 0.00421205 -0.00317164 0.231765 0.972758
144 6.46116 74.8643 -0.361321 0.00170601 -0.00334518 0.207477 0.978233
145 6.95589 75.062 -0.357726 -0.00101781 -0.00440533 0.18536 0.98266
146 7.49764 75.2497 -0.3572 -0.00322283 -0.00406201 0.166057 0.986103
147 8.06568 75.4243 -0.35024 -0.00372987 -0.0029447 0.149929 0.988685
148 8.62699 75.5824 -0.338822 -0.00312949 -0.00184669 0.137183 0.990539
149 9.23191 75.7277 -0.330051 -0.00297234 -0.000735357 0.126343 0.991982
150 9.84058 75.8632 -0.329991 -0.00360478 0.00067101 0.117085 0.993115
151 10.477 76.0117 -0.325854 -0.00567212 0.00132866 0.109215 0.994001
152 11.1223 76.1533 -0.335048 -0.00692292 0.00168605 0.102434 0.994714
153 11.7734 76.291 -0.322494 -0.00682361 0.00191107 0.0956034 0.995394
154 12.4462 76.4008 -0.321888 -0.00712905 0.00187036 0.0889337 0.99601
155 13.1447 76.5187 -0.319176 -0.00725121 0.00219562 0.081626 0.996634
156 13.8603 76.6248 -0.322096 -0.0082032 0.00256696 0.0744761 0.997186
157 14.5771 76.7345 -0.314972 -0.00772396 0.00133067 0.0675242 0.997687
158 15.2975 76.8296 -0.310591 -0.00823042 -0.00112749 0.0621591 0.998032
159 16.0409 76.9114 -0.298623 -0.00827954 -0.00400254 0.0572356 0.998318
160 16.8035 77.0037 -0.294899 -0.00700108 -0.00415313 0.053006 0.998561
161 17.5724 77.0777 -0.283966 -0.00789199 -0.0013265 0.049833 0.998726
162 18.3375 77.1518 -0.288269 -0.00970841 0.00259502 0.0475107 0.99882
163 19.1265 77.2309 -0.27823 -0.010603 0.00455127 0.0452046 0.998911
164 19.8933 77.3088 -0.264314 -0.010119 0.00433561 0.043393 0.998997
165 20.6557 77.3808 -0.260369 -0.00983654 0.0038227 0.0418126 0.99907
166 21.4343 77.433 -0.266502 -0.00965637 0.00493945 0.0406727 0.999114
167 22.2077 77.4961 -0.259658 -0.00854727 0.00626799 0.0395608 0.999161
168 22.9775 77.5476 -0.258622 -0.00629853 0.00719185 0.038046 0.99923
169 23.733 77.6113 -0.25015 -0.00615132 0.00576057 0.0365294 0.999297
170 24.483 77.6811 -0.248016 -0.00846127 0.00195037 0.0354624 0.999333
171 25.2432 77.739 -0.240083 -0.00855844 -0.00171047 0.0346174 0.999363
172 25.9983 77.801 -0.228333 -0.0089798 -0.00374053 0.0340798 0.999372
173 26.7721 77.8508 -0.222085 -0.00958752 -0.0031266 0.0332224 0.999397
174 27.5247 77.9077 -0.205614 -0.0114237 -0.00117072 0.0320855 0.999419
175 28.2909 77.9622 -0.200921 -0.0124813 0.00110132 0.0312261 0.999434
176 29.0464 78.0084 -0.18123 -0.012338 0.00223757 0.0300455 0.99947
177 29.8045 78.0631 -0.174858 -0.010657 0.00238833 0.0293324 0.99951
178 30.5626 78.1176 -0.165153 -0.00994861 0.00228859 0.0286103 0.999539
179 31.3185 78.1647 -0.157035 -0.0101315 0.00167978 0.0280793 0.999553
180 32.0676 78.2057 -0.153112 -0.00920006 0.000946504 0.0278059 0.999571
181 32.83 78.2349 -0.14414 -0.00896904 0.00110107 0.0273122 0.999586
182 33.5934 78.279 -0.144478 -0.00940926 0.00140901 0.0270078 0.99959
183 34.3732 78.3298 -0.134385 -0.00993634 0.00108387 0.0268636 0.999589
184 35.1487 78.3827 -0.130143 -0.00993903 0.000881486 0.0274774 0.999573
185 35.9401 78.4284 -0.115455 -0.00936829 0.00114387 0.0286695 0.999544
186 36.728 78.4773 -0.112626 -0.00957219 0.00117196 0.0300393 0.999502
187 37.5265 78.5345 -0.105698 -0.0111747 0.000837369 0.031669 0.999436
188 38.3162 78.5931 -0.0960349 -0.0118795 -0.00133122 0.0328897 0.999387
189 39.118 78.6606 -0.0852189 -0.0119112 -0.0031711 0.0339314 0.999348
190 39.9444 78.7235 -0.0755178 -0.0117963 -0.00369073 0.0349496 0.999313
191 40.7653 78.7854 -0.0630146 -0.0115545 -0.00322258 0.0360735 0.999277
192 41.5833 78.8435 -0.0494954 -0.0112572 -0.0026746 0.0373146 0.999237
193 42.4215 78.9022 -0.0286674 -0.0112102 -0.00199813 0.0381427 0.999207
194 43.2661 78.9735 -0.0310504 -0.0108872 -0.00029689 0.0386749 0.999192
195 44.1121 79.0474 -0.0216994 -0.0104914 0.00194082 0.0391215 0.999177
196 44.9651 79.1228 -0.0150718 -0.0100397 0.00320595 0.0388455 0.99919
197 45.8372 79.1893 -0.00842536 -0.0115141 0.00328629 0.0378783 0.999211
198 46.6928 79.2611 -0.00409214 -0.0119893 0.00288652 0.0370493 0.999237
199 47.5688 79.3217 -0.000912213 -0.0106832 0.00186028 0.0360143 0.999292
200 48.4429 79.3938 0.010351 -0.00870049 0.00118114 0.0352093 0.999341
201 49.3216 79.4551 0.0141272 -0.00768642 0.00119877 0.0342593 0.999383
202 50.2005 79.5131 0.0182608 -0.00691264 0.00231395 0.0336 0.999409
203 51.0733 79.5694 0.0293142 -0.00537626 0.00347216 0.0333377 0.999424
204 51.9492 79.6286 0.0367324 -0.00496638 0.00370481 0.03294 0.999438
205 52.8169 79.6935 0.0439193 -0.00591994 0.00235531 0.0325421 0.99945
206 53.679 79.7654 0.0616316 -0.00861078 -0.000389274 0.032082 0.999448
207 54.5432 79.8292 0.0697105 -0.0089282 -0.00309097 0.0314256 0.999461
208 55.3968 79.9007 0.0930131 -0.0123384 -0.00623276 0.0309563 0.999425
209 56.2535 79.9591 0.111346 -0.0121694 -0.00687456 0.0306034 0.999434
210 57.1171 80.0124 0.126684 -0.0106885 -0.00367678 0.0302787 0.999478
211 57.9787 80.0722 0.143027 -0.00850604 0.000740551 0.0306393 0.999494
212 58.8312 80.1241 0.135861 -0.00639283 0.00392365 0.0311817 0.999486
213 59.6526 80.1783 0.168502 -0.00833901 0.0035057 0.0322647 0.999438
214 60.497 80.2245 0.188735 -0.00613072 0.00220962 0.0333989 0.999421
215 61.3329 80.2839 0.188322 -0.00503061 0.00122346 0.0346766 0.999385
216 62.1603 80.3518 0.20472 -0.00551823 0.000128612 0.0361886 0.99933
217 62.975 80.4229 0.215785 -0.00639262 -0.00152664 0.0377133 0.999267
218 63.803 80.496 0.226071 -0.00716891 -0.00325852 0.0398245 0.999176
219 64.6231 80.5669 0.253467 -0.00813548 -0.00502808 0.0415755 0.99909
220 65.4358 80.6534 0.259321 -0.0103559 -0.0054801 0.0432229 0.998997
221 66.241 80.7351 0.286238 -0.0121751 -0.00461951 0.0446884 0.998916
222 67.0458 80.8237 0.299242 -0.0135911 -0.00213826 0.0464841 0.998824
223 67.8494 80.9049 0.314644 -0.0127868 0.000895751 0.0484483 0.998743
224 68.6423 80.9912 0.323368 -0.0121991 0.00262031 0.0506342 0.998639
225 69.4247 81.0889 0.338628 -0.012204 0.00324562 0.0538239 0.998471
226 70.217 81.1753 0.342372 -0.0112914 0.00448512 0.0571666 0.998291
227 70.9853 81.273 0.349911 -0.01215 0.00473621 0.0603208 0.998094
228 71.754 81.3825 0.355211 -0.0142052 0.00422866 0.0633562 0.997881
229 72.5229 81.4923 0.363802 -0.0163146 0.00250459 0.0663787 0.997658
230 73.2964 81.605 0.364461 -0.0155331 0.000900554 0.0692605 0.997477
231 74.0588 81.7201 0.375827 -0.0161188 0.000290968 0.071946 0.997278
232 74.8317 81.8459 0.372971 -0.0160909 0.00224091 0.0746067 0.997081
233 75.5967 81.98 0.384582 -0.0158637 0.004689 0.0774939 0.996856
234 76.357 82.1089 0.390454 -0.014495 0.0059397 0.0806774 0.996617
235 77.1045 82.2399 0.3935 -0.0148511 0.00404128 0.0840841 0.99634
236 77.8482 82.3778 0.402097 -0.0148782 0.000344752 0.0883514 0.995978
237 78.5846 82.5152 0.404303 -0.013426 -0.000806116 0.0931072 0.995565
238 79.3259 82.6684 0.414189 -0.0129565 0.000676378 0.0985832 0.995044
239 80.0556 82.8343 0.41378 -0.0132435 0.00328497 0.104215 0.994461
240 80.7907 83.0024 0.411629 -0.0136052 0.00706542 0.110164 0.993795
241 81.5309 83.1783 0.423794 -0.012556 0.00922439 0.11599 0.993128
242 82.2409 83.3725 0.424698 -0.0137036 0.00708392 0.122006 0.99241
243 82.957 83.5679 0.431863 -0.0154209 0.00200175 0.127868 0.991669
244 83.6777 83.7684 0.431807 -0.0143359 -0.000595351 0.134248 0.990844
245 84.3917 83.9794 0.419468 -0.0140542 0.00131188 0.140564 0.989971
246 85.1125 84.2023 0.431399 -0.0142729 0.00506661 0.146551 0.989087
247 85.8388 84.4408 0.433309 -0.014192 0.00795688 0.152847 0.988116
248 86.5445 84.6732 0.4395 -0.0117422 0.00760186 0.159527 0.987094
249 87.2449 84.9218 0.423704 -0.0109916 0.00524194 0.165397 0.986152
250 87.9473 85.1703 0.433674 -0.0100236 0.00192122 0.170149 0.985366
251 88.664 85.4223 0.432848 -0.00902605 -0.00107192 0.174141 0.984679
252 89.3699 85.6987 0.441383 -0.00942071 -0.00214807 0.177919 0.983998
253 90.059 85.9743 0.441513 -0.0110968 -0.00262258 0.181915 0.983248
254 90.7642 86.2553 0.453841 -0.0118207 -0.00170889 0.186027 0.982472
255 91.4582 86.5396 0.453506 -0.0108987 0.00142755 0.19006 0.981711
256 92.1772 86.8295 0.45855 -0.0106595 0.00558766 0.193791 0.980969
257 92.8933 87.1499 0.453128 -0.0132134 0.00874955 0.196807 0.980314
258 93.5872 87.4684 0.459075 -0.0161571 0.00728167 0.199677 0.979702
259 94.2699 87.7759 0.456117 -0.0175797 0.00276288 0.202799 0.979059
260 94.9572 88.0762 0.465619 -0.015173 -0.00066396 0.205385 0.978563
261 95.6547 88.388 0.461663 -0.0157875 -0.00134496 0.207515 0.978104
262 96.359 88.7186 0.455984 -0.017479 0.000708924 0.209819 0.977584
263 97.0604 89.0539 0.461183 -0.0173392 0.00316029 0.212412 0.977021
264 97.7591 89.3806 0.474762 -0.0162472 0.00279336 0.215536 0.976357
265 98.4602 89.7079 0.477549 -0.0162281 -0.000487977 0.218011 0.975811
266 99.1523 90.0472 0.483217 -0.0166595 -0.00413175 0.220502 0.975236
267 99.8503 90.4007 0.485438 -0.0174262 -0.00528249 0.223257 0.97459
268 100.552 90.7527 0.491801 -0.0176727 -0.00327348 0.225411 0.974098
269 101.249 91.1073 0.504582 -0.0177661 -0.0019211 0.22749 0.973617
270 101.937 91.4628 0.518146 -0.0186184 -0.00186749 0.230109 0.972985
271 102.616 91.8078 0.524377 -0.0179374 -0.00210103 0.23257 0.972412
272 103.293 92.162 0.537668 -0.0170435 -0.00228389 0.235015 0.97184
273 103.968 92.5118 0.543265 -0.0165761 -0.00181831 0.237236 0.971309
274 104.63 92.8753 0.552801 -0.0174331 -0.00185994 0.239537 0.970729
275 105.297 93.2324 0.557913 -0.0169694 -0.00170211 0.241863 0.97016
276 105.964 93.5923 0.572839 -0.0165432 -0.00350718 0.244509 0.969499
277 106.613 93.9558 0.582988 -0.0153349 -0.00547248 0.246579 0.968986
278 107.258 94.3099 0.597149 -0.0153155 -0.00692777 0.248513 0.968483
279 107.902 94.6856 0.603246 -0.0159936 -0.0056216 0.250791 0.967893
280 108.542 95.0452 0.61078 -0.0162103 -0.00117787 0.252415 0.967483
281 109.177 95.3948 0.614927 -0.0151607 0.0037372 0.253651 0.96717
282 109.807 95.7585 0.621153 -0.013325 0.00697734 0.255524 0.966686
283 110.415 96.1132 0.626423 -0.011745 0.00735896 0.257134 0.966276
284 111.012 96.4612 0.632131 -0.0119762 0.00547119 0.259009 0.965785
285 111.594 96.8053 0.631442 -0.0117779 0.00396556 0.260575 0.965374
286 112.149 97.1488 0.636944 -0.0117931 0.00324193 0.262025 0.964983
287 112.712 97.4643 0.641366 -0.0109157 0.00327674 0.263242 0.964662
288 113.228 97.7915 0.646844 -0.0111628 0.00373779 0.264506 0.964312
289 113.732 98.0954 0.648201 -0.0101534 0.00475722 0.265877 0.963942
290 114.213 98.3886 0.652203 -0.00948883 0.00523861 0.267144 0.963596
291 114.671 98.6683 0.657789 -0.00840689 0.0056993 0.268347 0.963269
292 115.127 98.9287 0.666073 -0.00854769 0.00513636 0.269259 0.963016
293 115.541 99.1871 0.669396 -0.00890434 0.00338373 0.270242 0.962745
294 115.934 99.4364 0.674213 -0.00825688 0.00151448 0.271451 0.962416
295 116.313 99.6742 0.681459 -0.0070406 0.000636585 0.273594 0.961819
296 116.687 99.9003 0.685486 -0.00463908 0.00147359 0.276061 0.961128
297 117.045 100.135 0.687343 -0.00464691 0.00214952 0.279106 0.960247
298 117.375 100.367 0.692582 -0.00628379 0.00258075 0.282221 0.959325
299 117.689 100.594 0.694751 -0.00918657 0.00393018 0.285659 0.958279
300 117.985 100.798 0.691886 -0.0110266 0.00658503 0.288809 0.957301
301 118.269 100.983 0.700009 -0.0115883 0.00879757 0.292551 0.956139
302 118.532 101.162 0.699619 -0.00950542 0.0101099 0.29693 0.954798
303 118.785 101.33 0.705102 -0.00815836 0.0108448 0.302099 0.95318
304 119.014 101.496 0.708254 -0.00698706 0.0117382 0.308854 0.951012
305 119.217 101.674 0.708608 -0.00697996 0.0122295 0.316595 0.948456
306 119.401 101.85 0.708356 -0.00779169 0.0117185 0.325632 0.945392
307 119.582 102.019 0.716557 -0.00768805 0.0107215 0.335904 0.941804
308 119.748 102.179 0.714429 -0.00741105 0.00830366 0.346468 0.937996
309 119.891 102.327 0.718261 -0.00640235 0.005507 0.357018 0.934059
310 120.027 102.481 0.712385 -0.0072062 0.00286575 0.367072 0.93016
311 120.156 102.639 0.702923 -0.00995497 0.000572373 0.377095 0.926121
312 120.287 102.79 0.69103 -0.0113128 -0.000123892 0.387696 0.921718
313 120.42 102.966 0.701661 -0.010284 0.00080096 0.399458 0.916693
314 120.554 103.138 0.699322 -0.00930185 0.00181168 0.411321 0.911441
315 120.682 103.304 0.706026 -0.00971365 0.00283816 0.42397 0.90562
316 120.8 103.487 0.690133 -0.0116919 0.00328064 0.437394 0.899188
317 120.91 103.673 0.692918 -0.0135753 0.00431702 0.450735 0.892544
318 121.008 103.871 0.692832 -0.0148493 0.00490913 0.464381 0.885497
319 121.109 104.059 0.695568 -0.0167775 0.0048225 0.477721 0.878338
320 121.193 104.244 0.688153 -0.0191679 0.00486117 0.490882 0.871002
321 121.268 104.449 0.685517 -0.0207736 0.00520445 0.504558 0.863112
322 121.345 104.652 0.696639 -0.0206613 0.0054018 0.518794 0.854633
323 121.419 104.845 0.7002 -0.0198949 0.0041757 0.533539 0.845531
324 121.485 105.08 0.691064 -0.0186032 0.002326 0.549235 0.835458
325 121.555 105.313 0.687486 -0.0178553 0.00114689 0.566021 0.824197
326 121.622 105.593 0.680532 -0.0175843 0.00118498 0.583789 0.811714
327 121.685 105.888 0.670666 -0.0168219 0.000801641 0.602025 0.7983
328 121.731 106.181 0.664247 -0.0157938 -5.57761e-05 0.620668 0.783914
329 121.758 106.512 0.655769 -0.0149615 -0.000467589 0.640011 0.76822
330 121.776 106.863 0.645943 -0.0146289 -0.000404078 0.659275 0.75176
331 121.78 107.193 0.635043 -0.0147273 0.000427842 0.678337 0.734603
332 121.767 107.56 0.628207 -0.0144799 0.00247459 0.697633 0.716305
333 121.737 107.918 0.6285 -0.0139941 0.00451284 0.716336 0.6976
334 121.685 108.314 0.619518 -0.0132201 0.00631108 0.734929 0.677986
335 121.614 108.713 0.617397 -0.0129069 0.00783187 0.752818 0.658056
336 121.515 109.107 0.603633 -0.0125271 0.00892085 0.769582 0.638363
337 121.383 109.541 0.590842 -0.0118475 0.0102018 0.785763 0.61833
338 121.244 109.974 0.580297 -0.0106517 0.0118918 0.801113 0.5983
339 121.084 110.391 0.574289 -0.00940894 0.0135118 0.815461 0.578577
340 120.881 110.85 0.562087 -0.0081989 0.0153201 0.829188 0.5587
341 120.671 111.288 0.548065 -0.00713885 0.0165633 0.841722 0.53961
342 120.419 111.758 0.537288 -0.00653039 0.0172798 0.853334 0.521037
343 120.138 112.232 0.520262 -0.00626709 0.0173643 0.863512 0.503989
344 119.849 112.708 0.508846 -0.00629773 0.0170898 0.871942 0.48927
345 119.53 113.209 0.492097 -0.00642582 0.0160149 0.878741 0.476987
346 119.191 113.716 0.483373 -0.00648187 0.0151114 0.884063 0.467078
347 118.82 114.225 0.46668 -0.00664325 0.0146335 0.888162 0.45925
348 118.44 114.727 0.454928 -0.00665908 0.015108 0.891226 0.453259
349 118.024 115.244 0.440487 -0.00671574 0.0156057 0.893684 0.448376
350 117.597 115.766 0.430142 -0.00683779 0.0164146 0.895828 0.444044
351 117.162 116.311 0.415685 -0.00710011 0.0165246 0.897642 0.440359
352 116.727 116.865 0.401651 -0.00741794 0.0162479 0.899173 0.437228
353 116.27 117.436 0.385259 -0.0076396 0.0161062 0.900441 0.434612
354 115.797 118.022 0.368889 -0.00761817 0.0166573 0.901401 0.432597
355 115.318 118.613 0.354391 -0.00757146 0.0171711 0.902013 0.4313
356 114.833 119.214 0.334955 -0.00745482 0.0176584 0.90227 0.430745
357 114.33 119.823 0.321189 -0.00731176 0.0173259 0.902483 0.430314
358 113.818 120.436 0.301742 -0.00688578 0.0172496 0.9027 0.429869
359 113.288 121.074 0.288299 -0.00639626 0.0173763 0.902891 0.429471
360 112.75 121.735 0.268438 -0.00681306 0.0173284 0.903018 0.429199
361 112.195 122.403 0.248253 -0.00790502 0.0173186 0.903196 0.428806
362 111.652 123.063 0.23169 -0.00866176 0.018136 0.903416 0.428293
363 111.093 123.74 0.216577 -0.00843486 0.018603 0.903676 0.427729
364 110.519 124.433 0.201952 -0.00770896 0.0184022 0.903854 0.427376
365 109.939 125.135 0.181254 -0.0069752 0.0181821 0.90397 0.427152
366 109.367 125.833 0.162414 -0.00642517 0.0191373 0.904107 0.426829
367 108.771 126.548 0.149459 -0.00553825 0.0202041 0.904319 0.426343
368 108.17 127.275 0.12661 -0.00440849 0.0198437 0.904561 0.42586
369 107.566 128.003 0.114955 -0.00263191 0.0186844 0.904885 0.425237
370 106.939 128.74 0.105978 -0.00163634 0.017148 0.905114 0.42482
371 106.318 129.483 0.0946764 -0.00159274 0.0159655 0.905117 0.42486
372 105.678 130.235 0.0839389 -0.00271222 0.0154868 0.905061 0.424991
373 105.033 130.998 0.0729512 -0.00392088 0.0160473 0.905024 0.42504
374 104.4 131.752 0.0640942 -0.00490474 0.0169636 0.905088 0.424857
375 103.762 132.519 0.0539023 -0.00554379 0.0178404 0.905186 0.424605
376 103.123 133.279 0.0426219 -0.00595265 0.0181355 0.905242 0.424467
377 102.485 134.04 0.0326627 -0.00610124 0.018512 0.90523 0.424475
378 101.835 134.802 0.0204727 -0.00645338 0.0182344 0.905312 0.424307
379 101.194 135.559 0.00895255 -0.00692113 0.0182591 0.905337 0.424245
380 100.561 136.322 -0.00566141 -0.00762614 0.0185744 0.9054 0.424085
381 99.9238 137.084 -0.0260167 -0.00805108 0.0188348 0.905475 0.423904
382 99.2938 137.84 -0.0373794 -0.00809559 0.0186227 0.905578 0.423694
383 98.6459 138.609 -0.051968 -0.00758436 0.0187773 0.905768 0.42329
384 98.0058 139.354 -0.063192 -0.00751895 0.0183529 0.906086 0.422629
385 97.3791 140.107 -0.0798361 -0.007142 0.0191837 0.9063 0.422139
386 96.7324 140.865 -0.0910565 -0.00695399 0.0190772 0.906477 0.421767
387 96.103 141.606 -0.0997533 -0.00661815 0.018905 0.906684 0.421336
388 95.4578 142.365 -0.115968 -0.00653828 0.018397 0.906796 0.421116
389 94.8275 143.102 -0.128478 -0.00669564 0.0179262 0.906894 0.420925
390 94.175 143.861 -0.140081 -0.0076579 0.016378 0.906963 0.420822
391 93.5364 144.615 -0.152229 -0.00774029 0.0157421 0.906766 0.421269
392 92.9008 145.358 -0.170673 -0.00774381 0.0148272 0.906602 0.421656
393 92.2593 146.104 -0.177464 -0.00719744 0.0141467 0.906183 0.422589
394 91.6328 146.843 -0.191042 -0.00736285 0.0143006 0.90584 0.423315
395 91.0076 147.595 -0.199776 -0.00777825 0.0155523 0.90546 0.424076
396 90.3761 148.355 -0.218686 -0.00963656 0.0173836 0.90518 0.424564
397 89.7426 149.114 -0.237156 -0.0117065 0.0201043 0.904909 0.424969
398 89.1108 149.878 -0.257435 -0.0124325 0.0209464 0.904774 0.425195
399 88.4838 150.627 -0.276702 -0.0108635 0.0200169 0.904743 0.425349
400 87.8626 151.375 -0.300744 -0.00896407 0.0185106 0.90472 0.425509
401 87.233 152.128 -0.319412 -0.00877233 0.0187358 0.904715 0.425516
402 86.6044 152.883 -0.341723 -0.0100744 0.0192235 0.904739 0.425414
403 85.9667 153.644 -0.358799 -0.010522 0.0199329 0.904806 0.425227
404 85.3474 154.387 -0.376509 -0.00984171 0.0200449 0.90494 0.424952
405 84.7212 155.135 -0.391121 -0.00914408 0.0197978 0.905077 0.424687
406 84.1048 155.869 -0.411993 -0.0095908 0.020071 0.905228 0.424343
407 83.4846 156.607 -0.433986 -0.011178 0.0209443 0.90538 0.423938
408 82.8608 157.35 -0.452325 -0.0122205 0.0222569 0.905517 0.423549
409 82.238 158.092 -0.474324 -0.0124721 0.0228732 0.905672 0.423178
410 81.6187 158.827 -0.49584 -0.0117377 0.0228573 0.905834 0.422854
411 81.0034 159.562 -0.518054 -0.010942 0.0227178 0.905929 0.422678
412 80.3845 160.292 -0.541088 -0.0106429 0.0218229 0.905993 0.422595
413 79.7644 161.016 -0.564147 -0.0109094 0.0205511 0.905943 0.42276
414 79.1488 161.736 -0.582374 -0.0111123 0.0197226 0.905714 0.423285
415 78.5444 162.45 -0.600675 -0.0114598 0.0191267 0.90555 0.423653
416 77.9342 163.168 -0.624063 -0.011927 0.0187725 0.905442 0.423887
417 77.3293 163.901 -0.639987 -0.0118941 0.0190506 0.905221 0.424347
418 76.7186 164.627 -0.661862 -0.0117085 0.0181873 0.905094 0.424662
419 76.1125 165.345 -0.679346 -0.0112194 0.0178642 0.904975 0.424942
420 75.525 166.047 -0.696646 -0.0108336 0.0183671 0.904901 0.425087
421 74.9328 166.77 -0.721669 -0.0108515 0.0198648 0.904646 0.425561
422 74.345 167.486 -0.736065 -0.0107906 0.0203481 0.904477 0.425901
423 73.7599 168.188 -0.752742 -0.0100642 0.0195761 0.904492 0.425923
424 73.1641 168.893 -0.76627 -0.00797427 0.0196294 0.904427 0.426101
425 72.5839 169.599 -0.774807 -0.0071751 0.0193656 0.904092 0.426838
426 72.0116 170.286 -0.797669 -0.00783457 0.0185323 0.903928 0.427211
427 71.4416 170.976 -0.808817 -0.00851891 0.018309 0.903801 0.427476
428 70.8811 171.651 -0.816233 -0.00858703 0.018184 0.903834 0.42741
429 70.3262 172.315 -0.828708 -0.00827093 0.0182533 0.903949 0.42717
430 69.7693 172.979 -0.833339 -0.00820361 0.018434 0.903981 0.427097
431 69.2378 173.624 -0.847069 -0.00830718 0.0180246 0.904008 0.427054
432 68.7099 174.254 -0.859493 -0.00854682 0.0177432 0.903996 0.427087
433 68.1829 174.881 -0.861043 -0.00848121 0.0177693 0.903946 0.427193
434 67.6761 175.493 -0.870686 -0.00876291 0.0183367 0.904039 0.426967
435 67.1748 176.097 -0.882497 -0.00961848 0.0186371 0.904077 0.426854
436 66.6773 176.71 -0.899162 -0.0104994 0.0192765 0.904056 0.42685
437 66.1685 177.325 -0.908813 -0.0111922 0.0200073 0.904059 0.426792
438 65.6902 177.908 -0.923372 -0.0113418 0.0210951 0.904117 0.426613
439 65.2137 178.486 -0.938348 -0.0113751 0.0221798 0.90419 0.426402
440 64.7507 179.048 -0.947789 -0.0112627 0.0226396 0.904281 0.426188
441 64.2864 179.598 -0.967244 -0.0112707 0.0228397 0.90454 0.425627
442 63.8523 180.134 -0.979229 -0.0108877 0.0234072 0.90484 0.424968
443 63.4053 180.661 -0.990982 -0.00996844 0.0241285 0.905405 0.423746
444 62.9568 181.183 -1.00323 -0.00886264 0.0250629 0.906266 0.42187
445 62.538 181.676 -1.01568 -0.00784814 0.0263413 0.907679 0.418763
446 62.1158 182.163 -1.02272 -0.00727053 0.0274064 0.909678 0.414344
447 61.6874 182.645 -1.03405 -0.00680434 0.0287267 0.912085 0.408936
448 61.2614 183.107 -1.04603 -0.00652419 0.029685 0.914929 0.40247
449 60.8266 183.563 -1.0579 -0.00608682 0.0309072 0.91814 0.395001
450 60.4071 183.991 -1.06535 -0.00520869 0.0326916 0.921892 0.386029
451 59.9755 184.408 -1.07163 -0.00453538 0.0342588 0.926121 0.375641
452 59.539 184.808 -1.08181 -0.00456611 0.0346831 0.930912 0.363564
453 59.0954 185.179 -1.0856 -0.00523259 0.033993 0.936154 0.349904
454 58.6253 185.53 -1.096 -0.00631891 0.0327479 0.941575 0.335147
455 58.173 185.853 -1.10119 -0.00697952 0.0314909 0.947126 0.319237
456 57.7244 186.141 -1.10491 -0.00762213 0.0304636 0.952961 0.301462
457 57.2608 186.42 -1.10568 -0.00845254 0.0306484 0.958894 0.281979
458 56.8018 186.655 -1.10682 -0.00904986 0.0285713 0.965039 0.260386
459 56.3503 186.865 -1.11389 -0.00915162 0.0247425 0.971069 0.237339
460 55.8632 187.048 -1.12116 -0.00897215 0.0192232 0.976584 0.214086
461 55.3852 187.198 -1.12305 -0.00844909 0.0147605 0.9814 0.191218
462 54.9378 187.316 -1.12203 -0.0070167 0.0115504 0.98571 0.16791
463 54.4405 187.436 -1.12265 -0.00602789 0.0101276 0.989564 0.143612
464 53.9855 187.525 -1.11853 -0.0059852 0.00965797 0.992868 0.118674
465 53.499 187.599 -1.11726 -0.00679989 0.0092859 0.995532 0.0937166
466 53.0035 187.642 -1.11797 -0.00870954 0.00582346 0.997598 0.0684765
467 52.5505 187.642 -1.1287 -0.0111057 0.00167737 0.998997 0.0433428
468 52.0621 187.619 -1.14126 -0.0123886 0.000417618 0.999764 0.0178497
469 51.5863 187.587 -1.13958 -0.0122159 0.00217291 0.999891 -0.00796462
470 51.1488 187.542 -1.1142 -0.01163 0.00529149 0.999348 -0.0337601
471 50.6889 187.481 -1.1256 -0.0101724 0.00741425 0.998155 -0.0593988
472 50.2653 187.397 -1.12323 -0.00938998 0.00820049 0.996336 -0.0846149
473 49.8261 187.281 -1.13036 -0.00800888 0.00807061 0.993911 -0.109597
474 49.3887 187.133 -1.13689 -0.00702604 0.00850425 0.990842 -0.134573
475 49.0047 186.971 -1.14729 -0.00693756 0.0112303 0.987089 -0.159629
476 48.5783 186.812 -1.12321 -0.00692475 0.0121648 0.982908 -0.183564
477 48.1763 186.631 -1.13579 -0.00713979 0.0103129 0.978535 -0.2057
478 47.754 186.418 -1.14202 -0.00896323 0.00916342 0.973942 -0.226436
479 47.3372 186.183 -1.13678 -0.0111272 0.0101614 0.969354 -0.245205
480 46.9403 185.943 -1.13055 -0.012944 0.011704 0.965007 -0.261643
481 46.5424 185.681 -1.12447 -0.0134821 0.0116334 0.96094 -0.276182
482 46.1608 185.405 -1.13395 -0.0135764 0.0111936 0.957284 -0.288613
483 45.7631 185.121 -1.13321 -0.0132235 0.0103202 0.954096 -0.299031
484 45.3675 184.829 -1.13694 -0.0127975 0.0100303 0.951442 -0.307397
485 44.9733 184.52 -1.13558 -0.012485 0.00977164 0.949315 -0.313927
486 44.5611 184.196 -1.14497 -0.0115541 0.00869863 0.947657 -0.318963
487 44.1535 183.857 -1.14277 -0.0102511 0.00819245 0.946321 -0.322961
488 43.7385 183.511 -1.1464 -0.00939584 0.00797176 0.94524 -0.326144
489 43.305 183.17 -1.15003 -0.00946161 0.00928693 0.944353 -0.328667
490 42.8804 182.823 -1.14323 -0.00988676 0.0106966 0.943597 -0.330776
491 42.4524 182.467 -1.1445 -0.00898247 0.0105075 0.943024 -0.332438
492 42.0242 182.102 -1.1433 -0.00747563 0.00794253 0.942678 -0.333526
493 41.5798 181.725 -1.15002 -0.00693438 0.00660859 0.94241 -0.334324
494 41.1083 181.345 -1.1531 -0.00788756 0.00808219 0.942254 -0.334709
495 40.6278 180.963 -1.15125 -0.00888659 0.0103454 0.942243 -0.334651
496 40.1461 180.568 -1.14929 -0.00874335 0.0113673 0.94238 -0.334236
497 39.6556 180.152 -1.15316 -0.00623339 0.0104696 0.942528 -0.333904
498 39.1466 179.736 -1.14567 -0.00249362 0.00917411 0.94266 -0.333619
499 38.6242 179.309 -1.1468 9.73192e-05 0.00872434 0.94281 -0.333216
500 38.0793 178.872 -1.13629 -0.000326679 0.00993069 0.942875 -0.332997
501 37.5272 178.426 -1.13203 -0.0015138 0.0102595 0.942956 -0.332754
502 36.966 177.961 -1.12778 -0.00183025 0.00744052 0.943034 -0.332607
503 36.3928 177.485 -1.12281 -0.00181249 0.00538115 0.942989 -0.332774
504 35.8009 176.999 -1.1145 -0.00226337 0.00412358 0.942937 -0.332937
505 35.189 176.506 -1.11685 -0.00361568 0.00361776 0.942873 -0.333114
506 34.5677 176.004 -1.11822 -0.00562074 0.00369522 0.942941 -0.332892
507 33.9396 175.48 -1.12713 -0.00611615 0.00226296 0.942962 -0.332837
508 33.303 174.958 -1.11984 -0.00473574 0.001295 0.94291 -0.333013
509 32.6657 174.435 -1.11288 -0.00329191 0.000912681 0.942861 -0.333169
510 31.999 173.902 -1.1132 -0.00366307 0.000800508 0.942754 -0.333469
511 31.3244 173.357 -1.13451 -0.00691014 0.00359733 0.942758 -0.333387
512 30.6409 172.799 -1.13376 -0.00828417 0.00370427 0.942789 -0.333267
513 29.9477 172.242 -1.12992 -0.00858001 0.00535699 0.942709 -0.333464
514 29.2479 171.684 -1.12246 -0.00756999 0.00710071 0.942719 -0.333426
515 28.5424 171.118 -1.12385 -0.00627826 0.00915751 0.942654 -0.333588
516 27.8326 170.537 -1.12208 -0.00535368 0.0105702 0.942655 -0.333559
517 27.1022 169.946 -1.1151 -0.00479528 0.00962125 0.942793 -0.333206
518 26.3807 169.354 -1.11283 -0.00554449 0.00896779 0.942976 -0.332695
519 25.651 168.76 -1.11068 -0.00704844 0.00814448 0.943103 -0.332326
520 24.9143 168.167 -1.11061 -0.00828588 0.00822409 0.943145 -0.332177
521 24.183 167.589 -1.10541 -0.00977597 0.0102313 0.943172 -0.332002
522 23.445 167.004 -1.09417 -0.0115362 0.0128053 0.94319 -0.331808
523 22.7198 166.421 -1.09834 -0.0135205 0.0138364 0.943236 -0.331558
524 21.9859 165.836 -1.10452 -0.0166793 0.0149997 0.943243 -0.331345
525 21.2465 165.246 -1.11926 -0.0194163 0.015691 0.94308 -0.331629
526 20.5203 164.663 -1.11579 -0.0196408 0.0164297 0.943104 -0.331511
527 19.8064 164.084 -1.11713 -0.0160829 0.0169711 0.943261 -0.331228
528 19.0886 163.506 -1.11748 -0.0117592 0.0171419 0.943516 -0.330675
529 18.3582 162.925 -1.11539 -0.0103736 0.0180821 0.943665 -0.330245
530 17.6341 162.342 -1.11672 -0.0113822 0.0178649 0.943725 -0.330052
531 16.925 161.766 -1.10841 -0.0127322 0.0176019 0.94395 -0.329374
532 16.212 161.195 -1.10282 -0.0135395 0.0177171 0.94406 -0.329019
533 15.5103 160.636 -1.10214 -0.0132153 0.0165065 0.944567 -0.327636
534 14.7951 160.074 -1.10109 -0.0129381 0.0151364 0.94558 -0.32478
535 14.0756 159.516 -1.10146 -0.0126222 0.0139645 0.947011 -0.32065
536 13.3649 158.974 -1.09453 -0.0127254 0.0144186 0.948895 -0.315007
537 12.6395 158.447 -1.09728 -0.0132621 0.0150154 0.951112 -0.308196
538 11.9067 157.936 -1.10229 -0.0150002 0.0162255 0.953719 -0.299887
539 11.164 157.439 -1.1044 -0.0166915 0.0168304 0.956725 -0.290028
540 10.4191 156.968 -1.10832 -0.017834 0.0176408 0.960145 -0.278374
541 9.65964 156.519 -1.11037 -0.0183675 0.0189001 0.963906 -0.264934
542 8.8814 156.089 -1.13076 -0.0188874 0.0201135 0.967879 -0.249899
543 8.10529 155.691 -1.12874 -0.0197645 0.0211442 0.971887 -0.233661
544 7.31807 155.316 -1.15635 -0.019206 0.0234176 0.975583 -0.217534
545 6.53583 154.973 -1.1522 -0.01549 0.0243726 0.979116 -0.201242
546 5.74529 154.667 -1.14565 -0.0115598 0.0255302 0.982404 -0.184656
547 4.9363 154.368 -1.14586 -0.00812286 0.0245257 0.985365 -0.168489
548 4.11446 154.094 -1.15692 -0.00712478 0.0224726 0.987998 -0.152659
549 3.28239 153.841 -1.15534 -0.00659894 0.0215613 0.990175 -0.138001
550 2.44704 153.618 -1.14789 -0.00617011 0.0226909 0.991884 -0.124952
551 1.59594 153.423 -1.13301 -0.00571433 0.0240487 0.993209 -0.113688
552 0.752426 153.237 -1.12555 -0.00643166 0.0234789 0.994295 -0.103855
553 -0.1142 153.066 -1.15084 -0.00832266 0.0224617 0.995234 -0.0945273
554 -1.01293 152.907 -1.15115 -0.00952422 0.0223855 0.996068 -0.0851853
555 -1.88349 152.76 -1.15696 -0.00946232 0.0223577 0.996795 -0.0762216
556 -2.78348 152.63 -1.15069 -0.0076947 0.0213963 0.997427 -0.0679936
557 -3.683 152.514 -1.14964 -0.00638915 0.0227873 0.997878 -0.0606515
558 -4.60074 152.412 -1.15657 -0.0079942 0.0254185 0.99812 -0.0551939
559 -5.54812 152.325 -1.17278 -0.012314 0.0293995 0.998155 -0.0516857
560 -6.48245 152.236 -1.19524 -0.0163717 0.0310396 0.998137 -0.0499068
561 -7.4445 152.142 -1.20182 -0.0172552 0.0303943 0.998177 -0.0491969
562 -8.38846 152.044 -1.2219 -0.0158896 0.0287028 0.998264 -0.048925
563 -9.34945 151.946 -1.23186 -0.0138178 0.0262143 0.998385 -0.048466
564 -10.3357 151.833 -1.25318 -0.0125443 0.0217578 0.998519 -0.0482635
565 -11.3126 151.721 -1.26598 -0.0122945 0.0191964 0.998577 -0.0482055
566 -12.3069 151.618 -1.27976 -0.013159 0.0180763 0.99858 -0.0483581
567 -13.3231 151.513 -1.29467 -0.0138567 0.0175088 0.998556 -0.0488583
568 -14.3337 151.41 -1.30722 -0.0142263 0.0173983 0.998526 -0.0494074
569 -15.3622 151.306 -1.32114 -0.0135573 0.0164043 0.99853 -0.0498495
570 -16.3946 151.186 -1.33919 -0.0127451 0.0158389 0.998513 -0.0505874
571 -17.4234 151.071 -1.34809 -0.0117366 0.0144288 0.998525 -0.0510174
572 -18.4657 150.955 -1.36157 -0.0110579 0.0131336 0.998555 -0.0509206
573 -19.5166 150.846 -1.36696 -0.0111158 0.0124782 0.998596 -0.0502748
574 -20.5656 150.736 -1.37895 -0.0114448 0.0113911 0.998647 -0.04944
575 -21.6354 150.618 -1.38543 -0.0116113 0.0113659 0.99869 -0.0485176
576 -22.6823 150.506 -1.39562 -0.0118428 0.0107313 0.99873 -0.0477758
577 -23.7474 150.406 -1.39974 -0.0124372 0.0108141 0.998754 -0.0471069
578 -24.7881 150.298 -1.40957 -0.0135133 0.0101195 0.998753 -0.0469806
579 -25.8392 150.2 -1.42627 -0.014518 0.00989907 0.998761 -0.0465532
580 -26.8875 150.1 -1.43194 -0.0140082 0.00948652 0.998803 -0.0458959
581 -27.9294 149.994 -1.4443 -0.0130048 0.00882338 0.998838 -0.0455682
582 -28.96 149.889 -1.45711 -0.0122187 0.00768961 0.998874 -0.0451819
583 -30.0079 149.792 -1.4706 -0.0123418 0.00765813 0.998901 -0.0445593
584 -31.0426 149.69 -1.47823 -0.012712 0.00648014 0.998934 -0.0438965
585 -32.0707 149.598 -1.49333 -0.0132298 0.00558778 0.998985 -0.042684
586 -33.0957 149.5 -1.50367 -0.0135038 0.0048316 0.999042 -0.0413385
587 -34.1198 149.41 -1.50991 -0.0130651 0.00493756 0.99911 -0.0398114
588 -35.1446 149.323 -1.51437 -0.012731 0.00457876 0.999181 -0.0381301
589 -36.1762 149.245 -1.53755 -0.0132473 0.00340854 0.999233 -0.0366975
590 -37.197 149.166 -1.54272 -0.0138004 0.00387929 0.999274 -0.0353021
591 -38.2295 149.084 -1.55122 -0.0143904 0.00470028 0.999305 -0.034053
592 -39.2464 149.018 -1.56411 -0.0147488 0.00483738 0.999342 -0.0327677
593 -40.2462 148.947 -1.57746 -0.0145235 0.00377355 0.999389 -0.0315792
594 -41.2687 148.876 -1.59009 -0.0141327 0.00340684 0.999423 -0.0306841
595 -42.2826 148.804 -1.60602 -0.01415 0.00308436 0.999448 -0.0299048
596 -43.2871 148.746 -1.62006 -0.0141797 0.00270888 0.999467 -0.0292872
597 -44.2915 148.683 -1.62792 -0.0136656 0.00272165 0.999487 -0.028835
598 -45.2915 148.618 -1.62484 -0.0119692 0.00199123 0.99952 -0.0284988
599 -46.2888 148.553 -1.63771 -0.0102279 0.000917314 0.999543 -0.0284215
600 -47.2801 148.49 -1.64802 -0.00977329 0.000591184 0.999542 -0.0286203
601 -48.256 148.435 -1.65385 -0.0102233 0.00127859 0.99953 -0.0288699
602 -49.2411 148.371 -1.65837 -0.0105537 0.0014368 0.999514 -0.0292815
603 -50.2214 148.319 -1.66331 -0.0111765 0.00186358 0.999497 -0.0296179
604 -51.2114 148.254 -1.67089 -0.0115984 0.00170614 0.999478 -0.0301122
605 -52.187 148.186 -1.6728 -0.0120174 0.00104542 0.99946 -0.0305645
606 -53.1427 148.121 -1.68294 -0.0120261 0.00105666 0.999448 -0.0309672
607 -54.1221 148.047 -1.68753 -0.0116703 0.00112778 0.999435 -0.0315129
608 -55.0878 147.986 -1.68874 -0.0112128 0.00255325 0.999413 -0.0322755
609 -56.031 147.923 -1.69194 -0.010632 0.00232959 0.999376 -0.0336121
610 -56.9964 147.85 -1.69854 -0.010363 0.00243536 0.999328 -0.0350674
611 -57.9285 147.777 -1.70407 -0.00976772 0.00235016 0.999288 -0.0363693
612 -58.8693 147.699 -1.70299 -0.00934881 0.00255186 0.999254 -0.0373867
613 -59.807 147.628 -1.70592 -0.00958951 0.00307054 0.99923 -0.0379257
614 -60.7387 147.552 -1.71224 -0.0104751 0.0020952 0.99922 -0.0380079
615 -61.6696 147.473 -1.72205 -0.0114051 0.00175217 0.99922 -0.0377574
616 -62.5756 147.403 -1.72597 -0.0118769 0.00160351 0.999235 -0.037217
617 -63.4767 147.33 -1.73095 -0.0120741 0.00132481 0.999257 -0.0365844
618 -64.3582 147.263 -1.72879 -0.0121228 0.00151542 0.999295 -0.0354904
619 -65.2192 147.201 -1.73812 -0.0122052 0.000411643 0.999363 -0.0335467
620 -66.0716 147.14 -1.74063 -0.0122837 0.000573799 0.999447 -0.030884
621 -66.9003 147.09 -1.74634 -0.0124594 0.00144589 0.999548 -0.0273302
622 -67.7105 147.049 -1.74983 -0.0126847 0.002183 0.999642 -0.0234419
623 -68.507 147.018 -1.7602 -0.0132841 0.00292663 0.999721 -0.019307
624 -69.2745 147.001 -1.75504 -0.0137108 0.00488127 0.999779 -0.0151846
625 -70.0128 146.986 -1.7572 -0.0141099 0.0065331 0.999814 -0.0114031
626 -70.7299 146.973 -1.76188 -0.0144747 0.00726331 0.999839 -0.00773971
627 -71.4147 146.96 -1.77013 -0.0143394 0.00736631 0.99986 -0.0045879
628 -72.0764 146.961 -1.77528 -0.0140817 0.00822411 0.999866 -0.00119241
629 -72.7086 146.966 -1.77348 -0.0139829 0.0086261 0.999863 0.00185619
630 -73.3335 146.972 -1.78133 -0.0136601 0.00925118 0.999854 0.00451326
631 -73.9114 146.987 -1.78039 -0.0135555 0.0102854 0.999831 0.00701059
632 -74.4754 146.998 -1.78594 -0.0140703 0.0112417 0.999795 0.00925628
633 -75.0067 147.012 -1.79324 -0.0149282 0.0113469 0.99976 0.0113276
634 -75.5022 147.034 -1.79306 -0.0153992 0.0117483 0.999723 0.0133578
635 -75.9673 147.045 -1.79495 -0.0158787 0.0122336 0.999689 0.0148348
636 -76.4075 147.066 -1.8001 -0.0162687 0.0128692 0.999651 0.016359
637 -76.8268 147.083 -1.80282 -0.0164391 0.014126 0.999612 0.0174811
638 -77.1901 147.105 -1.80691 -0.016891 0.0144585 0.99959 0.0180164
639 -77.528 147.114 -1.8134 -0.0173366 0.014498 0.999577 0.018276
640 -77.8424 147.108 -1.81935 -0.0177476 0.0142925 0.999578 0.017992
641 -78.1079 147.113 -1.81461 -0.0174594 0.0130212 0.99961 0.0174632
642 -78.358 147.114 -1.81874 -0.0171933 0.0122798 0.999638 0.0166278
643 -78.586 147.117 -1.82053 -0.0169563 0.0112689 0.999674 0.0154393
644 -78.7915 147.116 -1.8252 -0.0163201 0.0109713 0.999707 0.0141355
645 -78.9883 147.114 -1.82208 -0.0151331 0.0106659 0.999747 0.0128063
646 -79.1797 147.12 -1.82112 -0.0141058 0.0106609 0.999777 0.0115539
647 -79.3633 147.127 -1.82703 -0.0139767 0.0111933 0.999785 0.0104541
648 -79.5457 147.121 -1.83081 -0.014432 0.0106549 0.999797 0.00918369
649 -79.7147 147.12 -1.83527 -0.0145951 0.0101043 0.999811 0.00790382
650 -79.8723 147.119 -1.8386 -0.0142755 0.00909064 0.999836 0.00638066
651 -80.0146 147.117 -1.83714 -0.0140133 0.00940516 0.999847 0.00455609
652 -80.1428 147.115 -1.83712 -0.01366 0.00995467 0.999854 0.00233897
653 -80.2812 147.121 -1.83754 -0.0135104 0.0101871 0.999857 -0.000330169
654 -80.4128 147.118 -1.84099 -0.0133825 0.00966178 0.999857 -0.0036557
655 -80.5322 147.098 -1.84102 -0.0132745 0.00882994 0.999844 -0.00756754
656 -80.6361 147.084 -1.84071 -0.0134275 0.00769104 0.999814 -0.0114982
657 -80.7328 147.072 -1.8435 -0.0138854 0.00696057 0.999766 -0.0150418
658 -80.8162 147.058 -1.84322 -0.0140591 0.00619143 0.999717 -0.0181776
659 -80.8689 147.051 -1.84549 -0.0142088 0.00588376 0.999668 -0.0206554
660 -80.9215 147.041 -1.84364 -0.0138646 0.00606865 0.999628 -0.0227029
661 -80.9541 147.041 -1.8463 -0.0137471 0.00597145 0.999592 -0.0243149
662 -80.9853 147.038 -1.84493 -0.0136329 0.00603965 0.999565 -0.025437
663 -80.9996 147.038 -1.84399 -0.0134702 0.00584878 0.999546 -0.0262998
664 -81.0042 147.034 -1.84606 -0.0135395 0.0057334 0.999534 -0.0267592
665 -81.0101 147.035 -1.84572 -0.0135489 0.00576472 0.999534 -0.0267213
666 -81.0059 147.037 -1.84437 -0.0132466 0.00614736 0.999536 -0.0267296
667 -81.0008 147.04 -1.84109 -0.0126875 0.00621628 0.999541 -0.0268097
668 -81.0058 147.04 -1.83968 -0.0122946 0.00606331 0.99955 -0.0266802
669 -81.003 147.035 -1.84339 -0.0125684 0.00599543 0.999545 -0.0267531
670 -80.9991 147.034 -1.84158 -0.0124514 0.00606354 0.999544 -0.0268186
671 -81.0044 147.033 -1.84216 -0.0124182 0.00611296 0.999546 -0.0267428
672 -81.0023 147.039 -1.84541 -0.012541 0.00610766 0.999544 -0.0267938
673 -81.0006 147.035 -1.84451 -0.0123993 0.00621674 0.999545 -0.0267894
674 -81.0008 147.033 -1.84558 -0.0124839 0.00620514 0.999542 -0.0268681
675 -81.0032 147.034 -1.84565 -0.0125475 0.0062201 0.999539 -0.0269469
676 -81.0053 147.041 -1.84447 -0.0124907 0.00620666 0.999539 -0.0269528
677 -81.0057 147.039 -1.84498 -0.0125271 0.00615539 0.999537 -0.0270458
678 -81.0071 147.034 -1.84561 -0.012496 0.00622049 0.999535 -0.0271184
679 -81.004 147.034 -1.84456 -0.0124758 0.00626436 0.999533 -0.0271822
680 -81.0061 147.032 -1.84382 -0.0125314 0.00627034 0.99953 -0.0272513
681 -81.0079 147.034 -1.84399 -0.0124588 0.00626466 0.99953 -0.0272831
682 -81.0077 147.035 -1.84318 -0.0124659 0.00632206 0.999527 -0.027389
683 -81.0047 147.035 -1.84447 -0.0125024 0.00635049 0.999525 -0.0274353
684 -81.0049 147.034 -1.84338 -0.0124581 0.00656704 0.99952 -0.0275814
685 -81.0028 147.036 -1.84074 -0.0125179 0.00663241 0.999514 -0.0277556
686 -81.0068 147.035 -1.8431 -0.012458 0.00671551 0.999507 -0.0280355
687 -81.0069 147.037 -1.84259 -0.0124234 0.00675474 0.999501 -0.028253
688 -81.0079 147.039 -1.84319 -0.0124563 0.00673719 0.999495 -0.02846
689 -81.0065 147.039 -1.84146 -0.0125203 0.00686335 0.999493 -0.0284739
690 -81.0078 147.038 -1.84279 -0.0123926 0.00688502 0.999495 -0.0284494
691 -81.0102 147.037 -1.84153 -0.0125203 0.00678383 0.99949 -0.0285954
692 -81.0077 147.037 -1.8428 -0.0124469 0.00708166 0.999487 -0.0286545
693 -81.0077 147.04 -1.8414 -0.0125474 0.00697793 0.999484 -0.0287471
694 -81.0077 147.04 -1.84053 -0.0125448 0.00701798 0.99948 -0.0288573
695 -81.0098 147.041 -1.8412 -0.0125889 0.0071079 0.999478 -0.0288879
696 -81.0081 147.04 -1.84146 -0.0126037 0.0071827 0.999475 -0.0289639
697 -81.0064 147.039 -1.84267 -0.0125707 0.00706413 0.999474 -0.0290417
698 -81.0079 147.039 -1.84184 -0.0126217 0.00713473 0.999473 -0.0290547
699 -81.0105 147.039 -1.84235 -0.0125044 0.00724269 0.999471 -0.0291515
700 -81.0084 147.04 -1.84124 -0.0126303 0.0072675 0.999466 -0.0292376
701 -81.0105 147.039 -1.84144 -0.01269 0.00731939 0.999462 -0.0293515
702 -81.0128 147.039 -1.84235 -0.0126208 0.00733902 0.999461 -0.0293922
703 -81.0121 147.036 -1.84287 -0.0126433 0.0074539 0.99946 -0.0293835
704 -81.0092 147.036 -1.84299 -0.0126441 0.00751265 0.999457 -0.0294823
705 -81.0124 147.038 -1.84305 -0.0126746 0.00733611 0.999457 -0.0295011
706 -81.0098 147.037 -1.84341 -0.0126183 0.0073709 0.999459 -0.0294783
707 -81.0106 147.035 -1.84148 -0.0126619 0.00742812 0.999456 -0.0295269
708 -81.009 147.038 -1.84165 -0.0127018 0.00744574 0.999457 -0.0294751
709 -81.0076 147.037 -1.8425 -0.0126618 0.0073895 0.999457 -0.0295175
710 -81.0096 147.039 -1.84132 -0.0127008 0.00731444 0.999457 -0.0295233
711 -81.0119 147.038 -1.84216 -0.0126559 0.0073375 0.999457 -0.0295082
712 -81.0085 147.04 -1.84042 -0.0127413 0.0073484 0.999456 -0.0295087
713 -81.0122 147.038 -1.83936 -0.0127453 0.00737023 0.999456 -0.0295096
714 -81.0122 147.039 -1.84032 -0.0127571 0.00739444 0.999455 -0.0295409
715 -81.0141 147.039 -1.83994 -0.012735 0.00734025 0.999455 -0.0295704
716 -81.0114 147.038 -1.84133 -0.0126454 0.00718363 0.999458 -0.029523
717 -81.0165 147.037 -1.84052 -0.0126545 0.00730373 0.999446 -0.0298895
718 -81.0172 147.034 -1.83996 -0.0124711 0.0070871 0.999415 -0.0310538
719 -81.0216 147.033 -1.84188 -0.0122399 0.00684027 0.999387 -0.0320888
720 -81.0427 147.028 -1.84261 -0.0121766 0.00664861 0.99934 -0.0335769
721 -81.0575 147.026 -1.84118 -0.012184 0.0067066 0.999255 -0.0359912
722 -81.0777 147.019 -1.83989 -0.0121232 0.00675052 0.999149 -0.0388485
723 -81.1046 147.008 -1.84 -0.0121695 0.00640764 0.999023 -0.0419948
724 -81.1346 146.998 -1.84092 -0.0122021 0.00634619 0.998854 -0.0458524
725 -81.1639 146.987 -1.83867 -0.0121822 0.00627006 0.998638 -0.0503401
726 -81.2018 146.975 -1.84009 -0.0121911 0.00619133 0.998384 -0.055164
727 -81.2478 146.963 -1.84178 -0.0122152 0.00594688 0.998077 -0.060481
728 -81.2929 146.946 -1.84205 -0.0122829 0.00599003 0.997697 -0.0664357
729 -81.3384 146.931 -1.84222 -0.0120658 0.00593981 0.997241 -0.0729983
730 -81.3957 146.911 -1.8429 -0.0116441 0.00587786 0.996695 -0.0801851
731 -81.4567 146.892 -1.84359 -0.010695 0.00556872 0.996032 -0.0881802
732 -81.5392 146.863 -1.84438 -0.0096877 0.0049692 0.995234 -0.0969013
733 -81.6517 146.817 -1.84725 -0.00907396 0.00421707 0.994331 -0.105861
734 -81.7192 146.793 -1.85226 -0.00931182 0.00406629 0.993305 -0.115077
735 -81.8766 146.739 -1.852 -0.0100268 0.00446523 0.992127 -0.124753
736 -82.0104 146.695 -1.84613 -0.010977 0.00505438 0.990736 -0.13526
737 -82.1709 146.625 -1.85035 -0.0116055 0.0047101 0.989094 -0.146755
738 -82.3321 146.552 -1.85326 -0.0127635 0.00404781 0.987219 -0.158809
739 -82.4909 146.481 -1.85818 -0.0139113 0.00393722 0.98511 -0.171315
740 -82.6841 146.394 -1.85627 -0.0144137 0.00465496 0.982763 -0.184249
741 -82.8716 146.3 -1.86098 -0.0157011 0.00518342 0.980037 -0.198127
742 -83.049 146.197 -1.86097 -0.0174025 0.0055655 0.976812 -0.213317
743 -83.2602 146.066 -1.86261 -0.0182794 0.00603068 0.973046 -0.229806
744 -83.4605 145.923 -1.86488 -0.0179312 0.00629227 0.968568 -0.248023
745 -83.6434 145.779 -1.8674 -0.0167973 0.00564085 0.96325 -0.268023
746 -83.8863 145.583 -1.87635 -0.0154479 0.00484271 0.957059 -0.289439
747 -84.0972 145.391 -1.88366 -0.0145396 0.00473222 0.949774 -0.312563
748 -84.3612 145.146 -1.8862 -0.0138292 0.00657847 0.941322 -0.337163
749 -84.6109 144.884 -1.8878 -0.012797 0.00844479 0.932004 -0.362124
750 -84.845 144.613 -1.89737 -0.0112185 0.00955312 0.922131 -0.386597
751 -85.1428 144.257 -1.91348 -0.0108302 0.00958756 0.911611 -0.410799
752 -85.4109 143.888 -1.91657 -0.0111703 0.0103178 0.900436 -0.434722
753 -85.6487 143.505 -1.91321 -0.0123284 0.0106646 0.88847 -0.458646
754 -85.928 143.042 -1.92739 -0.0135048 0.0100426 0.87578 -0.482418
755 -86.1446 142.588 -1.93348 0.0158691 -0.010004 -0.862488 0.50573
756 -86.4089 142.058 -1.94141 0.0187426 -0.0105305 -0.848089 0.529417
757 -86.6168 141.523 -1.94196 0.0213128 -0.0109806 -0.833085 0.552624
758 -86.7757 140.986 -1.95459 0.0232039 -0.0107365 -0.817835 0.574884
759 -86.9721 140.366 -1.96964 0.0247546 -0.0106449 -0.802246 0.596385
760 -87.0946 139.766 -1.98296 0.0259187 -0.0110038 -0.786936 0.616391
761 -87.233 139.093 -1.98869 0.0262293 -0.012304 -0.772245 0.634664
762 -87.3295 138.408 -1.99684 0.0255794 -0.012817 -0.759087 0.65036
763 -87.3998 137.706 -2.01715 0.0243811 -0.0130599 -0.747867 0.663272
764 -87.4642 136.957 -2.0268 0.0227805 -0.0134006 -0.738463 0.673776
765 -87.5149 136.184 -2.033 0.0216964 -0.0141511 -0.73111 0.681767
766 -87.557 135.391 -2.04244 0.0214279 -0.014947 -0.72517 0.688074
767 -87.5832 134.573 -2.04493 0.0215214 -0.0159403 -0.719968 0.69349
768 -87.6011 133.73 -2.04872 0.0212883 -0.0175326 -0.715091 0.698487
769 -87.6067 132.87 -2.04495 0.0206684 -0.0194493 -0.710059 0.70357
770 -87.5915 131.996 -2.03933 0.019257 -0.0205055 -0.70518 0.70847
771 -87.564 131.088 -2.04148 0.0178645 -0.0198629 -0.7007 0.712956
772 -87.5412 130.157 -2.0342 0.0164003 -0.0185103 -0.697389 0.716266
773 -87.4985 129.21 -2.02567 0.0145023 -0.0170708 -0.695345 0.718327
774 -87.4569 128.238 -2.01314 0.0134944 -0.0161771 -0.694535 0.719151
775 -87.4151 127.241 -2.00847 0.0134888 -0.0156395 -0.694306 0.719384
776 -87.3704 126.223 -1.99853 0.0142018 -0.0155611 -0.693771 0.719887
777 -87.3286 125.18 -1.99571 0.0147707 -0.0158099 -0.692817 0.720789
778 -87.2747 124.132 -1.98939 0.0147958 -0.0158673 -0.691298 0.722244
779 -87.2266 123.052 -1.97955 0.0146851 -0.0160568 -0.689551 0.72391
780 -87.1627 121.967 -1.97062 0.0142356 -0.0159284 -0.687931 0.725462
781 -87.0899 120.863 -1.96158 0.0138594 -0.0152974 -0.686121 0.727195
782 -87.0217 119.74 -1.95143 0.014968 -0.0149932 -0.684269 0.728922
783 -86.9444 118.607 -1.94817 0.0166708 -0.014186 -0.682414 0.730638
784 -86.8556 117.453 -1.93911 0.0179122 -0.0138307 -0.680901 0.732026
785 -86.7635 116.291 -1.93194 0.0176399 -0.0138296 -0.680132 0.732747
786 -86.6713 115.113 -1.92293 0.0162393 -0.0135117 -0.680165 0.732754
787 -86.5789 113.911 -1.92085 0.0160856 -0.013454 -0.680709 0.732254
788 -86.4842 112.716 -1.91299 0.0170317 -0.0131559 -0.680983 0.731982
789 -86.3985 111.51 -1.90544 0.0185208 -0.0131899 -0.68128 0.731669
790 -86.3098 110.309 -1.8975 0.0194033 -0.0128858 -0.681476 0.73147
791 -86.2206 109.114 -1.88873 0.0196879 -0.0126062 -0.681655 0.7313
792 -86.1398 107.92 -1.88329 0.0200631 -0.0130094 -0.681999 0.730962
793 -86.0517 106.733 -1.87161 0.0196175 -0.0135249 -0.682191 0.730785
794 -85.9676 105.546 -1.85981 0.0188473 -0.0140104 -0.682328 0.730669
795 -85.8811 104.356 -1.84917 0.0181727 -0.0138111 -0.682558 0.730475
796 -85.8006 103.169 -1.84017 0.0189507 -0.0130222 -0.682828 0.730217
797 -85.7146 101.978 -1.83304 0.0199636 -0.0126631 -0.683115 0.729928
798 -85.6263 100.784 -1.8218 0.0189501 -0.0124258 -0.683263 0.72982
799 -85.5538 99.6066 -1.81123 0.0182228 -0.0131741 -0.683515 0.72959
800 -85.4721 98.4237 -1.7911 0.0177627 -0.013558 -0.683571 0.729542
801 -85.3861 97.2472 -1.79099 0.0182805 -0.0128806 -0.683699 0.729421
802 -85.3058 96.0797 -1.78282 0.0189986 -0.0113424 -0.683927 0.729215
803 -85.2259 94.9073 -1.77596 0.0196539 -0.0103543 -0.684026 0.729119
804 -85.144 93.7475 -1.76699 0.0179612 -0.00929449 -0.684321 0.728901
805 -85.0658 92.5853 -1.75976 0.0171676 -0.00950352 -0.684382 0.728859
806 -84.9842 91.4225 -1.75373 0.0167534 -0.00943667 -0.684545 0.728717
807 -84.9054 90.2762 -1.74575 0.0165166 -0.00877055 -0.684599 0.72868
808 -84.8325 89.1212 -1.74091 0.017419 -0.00882408 -0.684552 0.728702
809 -84.7535 87.9667 -1.73155 0.0178978 -0.00931796 -0.684521 0.728714
810 -84.6794 86.8198 -1.71889 0.0179748 -0.0107204 -0.6846 0.728618
811 -84.6102 85.6798 -1.71349 0.0178797 -0.0116888 -0.68451 0.728691
812 -84.5387 84.5401 -1.70422 0.0189816 -0.0125311 -0.683914 0.729208
813 -84.4601 83.3958 -1.69626 0.0198434 -0.0126013 -0.682961 0.730077
814 -84.3766 82.2679 -1.68699 0.02034 -0.0124548 -0.681719 0.731225
815 -84.291 81.1406 -1.67905 0.0200469 -0.0117672 -0.680657 0.732233
816 -84.2007 80.0117 -1.66925 0.0188607 -0.0113872 -0.679635 0.733219
817 -84.1076 78.8961 -1.65742 0.0175276 -0.0111395 -0.678642 0.734175
818 -84.0151 77.7819 -1.6493 0.0174074 -0.0111556 -0.677622 0.73512
819 -83.9132 76.6743 -1.63807 0.0182809 -0.0111002 -0.676903 0.735762
820 -83.8157 75.5572 -1.63198 0.0184415 -0.0107827 -0.676261 0.736352
821 -83.713 74.4359 -1.62321 0.0184937 -0.0103202 -0.675695 0.736877
822 -83.6124 73.3311 -1.6136 0.0188958 -0.010087 -0.675206 0.737318
823 -83.5078 72.2364 -1.60723 0.0183745 -0.00932071 -0.674842 0.737675
824 -83.4025 71.1396 -1.60118 0.0182673 -0.00892706 -0.674878 0.737649
825 -83.2975 70.0319 -1.59614 0.0170983 -0.00834283 -0.675166 0.737421
826 -83.1988 68.9376 -1.59153 0.0169831 -0.00841443 -0.675705 0.736928
827 -83.099 67.8507 -1.58866 0.0174135 -0.0088632 -0.676279 0.736386
828 -83.0109 66.7642 -1.5832 0.0182629 -0.00991121 -0.67712 0.73558
829 -82.9248 65.6719 -1.57345 0.0183995 -0.0108738 -0.677946 0.734801
830 -82.8391 64.5828 -1.5661 0.0191185 -0.0122448 -0.678784 0.733987
831 -82.7557 63.4937 -1.56016 0.020204 -0.0127784 -0.679557 0.733233
832 -82.6752 62.4014 -1.55111 0.0209922 -0.0123681 -0.680384 0.732451
833 -82.5889 61.3174 -1.5462 0.0212905 -0.011702 -0.68129 0.73161
834 -82.5063 60.2474 -1.54404 0.0209975 -0.0112068 -0.682094 0.730877
835 -82.4275 59.1794 -1.53819 0.0197086 -0.0108297 -0.682927 0.73014
836 -82.3533 58.0846 -1.53327 0.0187915 -0.0114973 -0.683654 0.729473
837 -82.2759 57.0051 -1.52366 0.0174569 -0.0121725 -0.684313 0.728878
838 -82.2046 55.9188 -1.51273 0.0171781 -0.0131361 -0.68488 0.728335
839 -82.1359 54.8463 -1.49811 0.0169424 -0.0132946 -0.685149 0.728084
840 -82.0706 53.7801 -1.49064 0.0177224 -0.0127348 -0.685341 0.727896
841 -82.0071 52.7082 -1.48063 0.0187301 -0.0120925 -0.685229 0.727986
842 -81.9304 51.6486 -1.46974 0.0184751 -0.0106687 -0.685092 0.728144
843 -81.8551 50.5734 -1.46614 0.0175541 -0.00904391 -0.684878 0.72839
844 -81.7754 49.5024 -1.45748 0.016311 -0.00783656 -0.684676 0.728623
845 -81.6959 48.4398 -1.45523 0.0148875 -0.00676715 -0.684529 0.728802
846 -81.6183 47.3716 -1.44929 0.013074 -0.00558706 -0.684436 0.728934
847 -81.542 46.3117 -1.44115 0.0123535 -0.00567391 -0.684282 0.72909
848 -81.4676 45.2628 -1.43564 0.0109196 -0.00548347 -0.684015 0.729366
849 -81.4029 44.2069 -1.41597 0.0102877 -0.00546474 -0.683726 0.729645
850 -81.3312 43.1537 -1.41758 0.0133074 -0.00546097 -0.683405 0.729898
851 -81.2587 42.0871 -1.4182 0.0164619 -0.0050781 -0.683175 0.730052
852 -81.1896 41.021 -1.41727 0.0175092 -0.00550383 -0.68273 0.730441
853 -81.1156 39.972 -1.40715 0.016561 -0.00739578 -0.682331 0.730818
854 -81.0449 38.9267 -1.40522 0.0148259 -0.00826826 -0.682118 0.731045
855 -80.966 37.8803 -1.40187 0.0145752 -0.00897815 -0.681992 0.731159
856 -80.8834 36.8441 -1.3913 0.0143682 -0.0091786 -0.681802 0.731338
857 -80.8094 35.7908 -1.38063 0.0147763 -0.0098603 -0.681692 0.731424
858 -80.7373 34.7425 -1.36725 0.0151049 -0.0115963 -0.681663 0.731419
859 -80.666 33.7134 -1.35147 0.0145676 -0.012962 -0.681797 0.731282
860 -80.5977 32.6765 -1.3368 0.0148412 -0.0136472 -0.681945 0.731126
861 -80.5231 31.6409 -1.32079 0.0162365 -0.0136917 -0.682195 0.730862
862 -80.4508 30.6143 -1.30883 0.0179123 -0.0126333 -0.682492 0.730564
863 -80.3799 29.5813 -1.29286 0.0185065 -0.0122717 -0.682792 0.730275
864 -80.3018 28.561 -1.28587 0.0181132 -0.0125102 -0.683164 0.729933
865 -80.2301 27.5442 -1.27024 0.0165697 -0.012014 -0.683605 0.729565
866 -80.1677 26.5426 -1.26371 0.0163688 -0.0114847 -0.684118 0.729097
867 -80.0961 25.5418 -1.25307 0.0168411 -0.0105844 -0.684481 0.72876
868 -80.0246 24.5308 -1.24594 0.0176066 -0.0104524 -0.684804 0.728439
869 -79.9672 23.5296 -1.23177 0.0179842 -0.010809 -0.685189 0.728063
870 -79.9041 22.5288 -1.22579 0.0180181 -0.0110314 -0.685422 0.72784
871 -79.8382 21.5319 -1.21624 0.0177155 -0.0105705 -0.685685 0.727606
872 -79.7757 20.5575 -1.21425 0.0176626 -0.0095398 -0.685987 0.727337
873 -79.7159 19.5837 -1.20186 0.0174932 -0.00889049 -0.686289 0.727064
874 -79.6553 18.6348 -1.19329 0.0174115 -0.00846771 -0.686658 0.726723
875 -79.5917 17.6919 -1.18471 0.0176885 -0.0077701 -0.686808 0.726582
876 -79.5304 16.7653 -1.18032 0.0180435 -0.00721055 -0.686946 0.726449
877 -79.4815 15.8761 -1.17353 0.018234 -0.00718369 -0.68668 0.726696
878 -79.4309 15.0226 -1.16698 0.0177901 -0.00732112 -0.685765 0.727569
879 -79.3728 14.1782 -1.15856 0.0174842 -0.0077074 -0.684623 0.728646
880 -79.3068 13.3554 -1.15259 0.0170213 -0.00748855 -0.683117 0.730072
881 -79.2366 12.5431 -1.14734 0.0158346 -0.00669636 -0.681526 0.731592
882 -79.1736 11.7571 -1.13632 0.01537 -0.00711891 -0.679694 0.7333
883 -79.1085 10.9951 -1.12965 0.0150357 -0.00793071 -0.677038 0.735751
884 -79.0416 10.2675 -1.12109 0.0148862 -0.00918016 -0.673812 0.738695
885 -78.9629 9.5493 -1.10728 0.0148218 -0.0103943 -0.669603 0.742498
886 -78.8764 8.85681 -1.09774 0.0146579 -0.0105544 -0.665051 0.746579
887 -78.7815 8.18307 -1.08352 0.0145443 -0.0108226 -0.660369 0.750722
888 -78.6868 7.51668 -1.07349 0.0150349 -0.0110264 -0.655084 0.755326
889 -78.5917 6.90585 -1.05683 0.0160787 -0.0109011 -0.649259 0.760319
890 -78.4739 6.30034 -1.04257 0.015678 -0.0106207 -0.642758 0.765835
891 -78.3503 5.72388 -1.03354 0.0140682 -0.0101137 -0.6356 0.771824
892 -78.2159 5.15576 -1.02125 0.0124779 -0.00929492 -0.627752 0.778258
893 -78.0719 4.61489 -1.00768 0.0129393 -0.00986168 -0.61921 0.785057
894 -77.9181 4.08074 -0.992413 0.0128557 -0.00952626 -0.610233 0.79206
895 -77.7572 3.55965 -0.985212 0.0120595 -0.00889877 -0.600589 0.799418
896 -77.5766 3.04649 -0.973167 0.011244 -0.00879043 -0.589804 0.807421
897 -77.3913 2.55993 -0.964726 0.0100901 -0.00939125 -0.577464 0.8163
898 -77.1861 2.07369 -0.951862 0.00918652 -0.0107884 -0.563203 0.826197
899 -76.9708 1.611 -0.942671 0.00876004 -0.0122855 -0.547318 0.836789
900 -76.744 1.17352 -0.929944 0.010101 -0.0132772 -0.529042 0.848432
901 -76.483 0.732621 -0.909048 0.0118561 -0.0130377 -0.50805 0.861148
902 -76.2068 0.328354 -0.888654 0.0111777 -0.0117943 -0.485611 0.874024
903 -75.9232 -0.0308845 -0.881228 0.00876035 -0.0112498 -0.462889 0.886301
904 -75.5934 -0.409674 -0.868872 0.00684366 -0.011561 -0.439816 0.897988
905 -75.2625 -0.756232 -0.859002 0.00697411 -0.0134474 -0.415987 0.909245
906 -74.9506 -1.06756 -0.821131 0.00811018 -0.0146051 -0.39202 0.919805
907 -74.5851 -1.3824 -0.806776 0.00630266 -0.0133674 -0.368315 0.929584
908 -74.2148 -1.63501 -0.803101 0.00246951 -0.0109625 -0.344697 0.938647
909 -73.8078 -1.91433 -0.792886 -0.000392884 -0.0085194 -0.320268 0.947289
910 -73.4053 -2.1571 -0.778851 0.000339102 -0.00609506 -0.295672 0.95527
911 -73.0132 -2.36729 -0.763115 0.00198542 -0.00292624 -0.271235 0.962507
912 -72.5639 -2.5882 -0.738531 0.0011176 0.00067914 -0.246475 0.969148
913 -72.1378 -2.73026 -0.747789 -0.00314003 0.00403849 -0.22212 0.975006
914 -71.6632 -2.90897 -0.743137 -0.0051205 0.00577184 -0.197651 0.980242
915 -71.2135 -3.03875 -0.740182 -0.00574373 0.00495562 -0.173688 0.984772
916 -70.7831 -3.14288 -0.72942 -0.0054931 0.00399251 -0.151769 0.988393
917 -70.2932 -3.27094 -0.71882 -0.00590086 0.00354567 -0.131549 0.991286
918 -69.8175 -3.34949 -0.725388 -0.0082414 0.00351407 -0.113369 0.993513
919 -69.3161 -3.42498 -0.737866 -0.0110865 0.00338997 -0.096124 0.995302
920 -68.8154 -3.48596 -0.733005 -0.012061 0.00306109 -0.0819126 0.996562
921 -68.3108 -3.55363 -0.719481 -0.0123959 0.00369005 -0.0708024 0.997407
922 -67.7777 -3.60853 -0.729531 -0.0124689 0.00385054 -0.060228 0.998099
923 -67.2631 -3.6539 -0.714462 -0.0114535 0.00336225 -0.0512079 0.998617
924 -66.7167 -3.69289 -0.713304 -0.0111542 0.00277449 -0.0434732 0.998988
925 -66.1481 -3.72848 -0.715382 -0.0115121 0.00207761 -0.0364508 0.999267
926 -65.5825 -3.75741 -0.715937 -0.0117425 0.00175026 -0.0296128 0.999491
927 -64.9942 -3.78062 -0.710801 -0.0115651 0.00150255 -0.0227411 0.999673
928 -64.3888 -3.79374 -0.712725 -0.0113894 0.00134075 -0.0159205 0.999807
929 -63.7693 -3.80592 -0.707612 -0.009738 0.00153268 -0.00882593 0.999912
930 -63.1247 -3.79997 -0.698706 -0.00990081 0.00116123 -0.00244987 0.999947
931 -62.4735 -3.78301 -0.6967 -0.0101755 0.000487274 0.00270902 0.999944
932 -61.8255 -3.76666 -0.694561 -0.0110778 -0.000194394 0.00681384 0.999915
933 -61.1312 -3.74874 -0.691005 -0.0114311 -0.000622185 0.00996021 0.999885
934 -60.4201 -3.73324 -0.690187 -0.0111107 -0.000979183 0.0120476 0.999865
935 -59.7019 -3.70473 -0.679223 -0.0110685 -0.00110323 0.0135005 0.999847
936 -58.9611 -3.67974 -0.673833 -0.0104607 -0.00066673 0.0148507 0.999835
937 -58.2055 -3.65084 -0.662611 -0.0100826 0.000167651 0.0162629 0.999817
938 -57.4463 -3.64275 -0.656415 -0.00887617 0.00120055 0.0176178 0.999805
939 -56.688 -3.59642 -0.647161 -0.00935186 0.00237511 0.0193357 0.999766
940 -55.9285 -3.56654 -0.642594 -0.00862915 0.00357396 0.0208106 0.99974
941 -55.1699 -3.51998 -0.639245 -0.00761276 0.00443517 0.0225955 0.999706
942 -54.4065 -3.47779 -0.631197 -0.0066535 0.00483596 0.0242265 0.999673
943 -53.6394 -3.4432 -0.627564 -0.00521124 0.00497968 0.0259214 0.999638
944 -52.8757 -3.39285 -0.62356 -0.00518887 0.00479143 0.027896 0.999586
945 -52.1124 -3.35292 -0.617891 -0.00529254 0.00471258 0.0292886 0.999546
946 -51.3525 -3.28928 -0.61072 -0.00516644 0.00470775 0.0309352 0.999497
947 -50.5872 -3.23808 -0.612283 -0.0046725 0.00487074 0.0318324 0.99947
948 -49.8157 -3.18071 -0.603638 -0.00519003 0.00463998 0.0324333 0.99945
949 -49.0551 -3.12481 -0.601664 -0.00635335 0.00466798 0.0328782 0.999428
950 -48.2904 -3.06835 -0.59378 -0.00601195 0.00461712 0.0328585 0.999431
951 -47.5224 -3.01996 -0.589546 -0.00586293 0.00499418 0.0332116 0.999419
952 -46.7606 -2.96225 -0.583708 -0.00594509 0.0053921 0.0333484 0.999412
953 -45.9986 -2.91198 -0.583372 -0.00657354 0.00599889 0.0333096 0.999405
954 -45.2448 -2.86007 -0.579034 -0.00626617 0.00634154 0.0333446 0.999404
955 -44.4865 -2.80497 -0.571449 -0.0059847 0.00642143 0.0334708 0.999401
956 -43.7305 -2.74762 -0.574527 -0.00619743 0.00640083 0.0333779 0.999403
957 -42.9903 -2.68803 -0.572419 -0.00584856 0.00599644 0.0329964 0.99942
958 -42.2519 -2.64145 -0.566962 -0.00537633 0.00568501 0.0320842 0.999455
959 -41.5165 -2.59765 -0.565496 -0.00494682 0.00565299 0.0314114 0.999478
960 -40.782 -2.5405 -0.559655 -0.00515224 0.00552223 0.030834 0.999496
961 -40.0668 -2.50372 -0.557589 -0.00474649 0.00606344 0.0303171 0.999511
962 -39.3485 -2.4596 -0.544119 -0.00386024 0.00686788 0.0296231 0.99953
963 -38.6368 -2.4174 -0.555707 -0.00435937 0.00780463 0.0291196 0.999536
964 -37.9405 -2.36815 -0.55033 -0.00484763 0.00781789 0.0285211 0.999551
965 -37.2616 -2.32951 -0.536027 -0.00409926 0.00692213 0.028196 0.99957
966 -36.6006 -2.29461 -0.538669 -0.00292824 0.00553136 0.0280337 0.999587
967 -35.9528 -2.24767 -0.527793 -0.00519605 0.00340245 0.0275758 0.9996
968 -35.2916 -2.20081 -0.530536 -0.00624648 0.00275446 0.0272954 0.999604
969 -34.6443 -2.16478 -0.523045 -0.00653856 0.00259009 0.0273135 0.999602
970 -34.0024 -2.12931 -0.514667 -0.00628991 0.00231969 0.0269045 0.999616
971 -33.3625 -2.08843 -0.507096 -0.00649744 0.00197123 0.0267029 0.99962
972 -32.7307 -2.0523 -0.499194 -0.00802749 0.00137962 0.0266567 0.999611
973 -32.1096 -2.01395 -0.48999 -0.00906316 0.000930168 0.0265104 0.999607
974 -31.4827 -1.97283 -0.485144 -0.00906128 0.000883471 0.0265811 0.999605
975 -30.8446 -1.93231 -0.472212 -0.00885632 0.00107894 0.0268837 0.999599
976 -30.2171 -1.89706 -0.459222 -0.00882919 0.00134374 0.027363 0.999586
977 -29.6104 -1.86331 -0.451883 -0.00821153 0.00156569 0.0276536 0.999583
978 -29.0048 -1.82419 -0.443599 -0.00729698 0.00117775 0.0281983 0.999575
979 -28.3862 -1.78386 -0.428652 -0.00734261 0.000551574 0.0291434 0.999548
980 -27.7732 -1.73902 -0.418751 -0.00772333 0.000111487 0.0298965 0.999523
981 -27.1756 -1.70989 -0.413605 -0.00720917 -0.000101191 0.0307206 0.999502
982 -26.5871 -1.66789 -0.406862 -0.00693007 -1.61363e-05 0.0317861 0.999471
983 -25.9762 -1.61641 -0.395056 -0.00640112 -9.00132e-05 0.0327737 0.999442
984 -25.3675 -1.56388 -0.384158 -0.00568554 1.71234e-05 0.0338511 0.999411
985 -24.7703 -1.53238 -0.368805 -0.00599827 0.000496092 0.0347847 0.999377
986 -24.1868 -1.48723 -0.356197 -0.00681593 0.000792642 0.0358383 0.999334
987 -23.604 -1.44262 -0.350169 -0.00676863 0.00124015 0.0368362 0.999298
988 -23.0188 -1.38851 -0.344236 -0.00673721 0.00173446 0.0375339 0.999271
989 -22.4464 -1.34405 -0.33114 -0.00691044 0.00201227 0.038124 0.999247
990 -21.8883 -1.30696 -0.328934 -0.00639638 0.00218739 0.0381677 0.999248
991 -21.3456 -1.26474 -0.318418 -0.00699531 0.00216452 0.0382884 0.99924
992 -20.809 -1.21507 -0.311983 -0.008136 0.00224002 0.0381754 0.999235
993 -20.2748 -1.16898 -0.306333 -0.00834372 0.00221635 0.0373821 0.999264
994 -19.7619 -1.13538 -0.296912 -0.00847492 0.00189514 0.0366785 0.999289
995 -19.2536 -1.09429 -0.286361 -0.00751894 0.00194199 0.0359612 0.999323
996 -18.7561 -1.04813 -0.279551 -0.00682738 0.00187053 0.0352568 0.999353
997 -18.2637 -1.0188 -0.276405 -0.0064162 0.00152085 0.0344483 0.999385
998 -17.7849 -0.980982 -0.268737 -0.00679974 0.00137486 0.0339072 0.999401
999 -17.3094 -0.938667 -0.261716 -0.00737735 0.00135114 0.0336105 0.999407
1000 -16.8483 -0.906979 -0.259858 -0.00753436 0.00130607 0.0329701 0.999427
1001 -16.403 -0.886839 -0.250789 -0.00714497 0.00159484 0.032399 0.999448
1002 -15.974 -0.862726 -0.235681 -0.0074162 0.00177031 0.0318934 0.999462
1003 -15.5533 -0.836659 -0.230767 -0.00680998 0.002191 0.0313996 0.999481
1004 -15.1865 -0.814601 -0.23049 -0.0071129 0.00270984 0.0311387 0.999486
1005 -14.8145 -0.784541 -0.223999 -0.00763229 0.00312033 0.0305519 0.999499
1006 -14.4585 -0.75165 -0.217977 -0.0075554 0.00314808 0.03018 0.999511
1007 -14.1368 -0.738332 -0.21121 -0.00708365 0.00289264 0.0298212 0.999526
1008 -13.8315 -0.715886 -0.207106 -0.00691842 0.00259096 0.0294135 0.99954
1009 -13.5468 -0.7023 -0.203498 -0.00664232 0.00241257 0.0292097 0.999548
1010 -13.2643 -0.679522 -0.200357 -0.0066191 0.00209674 0.0289222 0.999558
1011 -12.9978 -0.660051 -0.19511 -0.00693848 0.00168457 0.0287719 0.999561
1012 -12.7433 -0.639841 -0.190204 -0.00633381 0.00071327 0.0285617 0.999572
1013 -12.4847 -0.624685 -0.186304 -0.00643895 3.86443e-05 0.0283356 0.999578
1014 -12.2361 -0.60711 -0.182825 -0.0065514 -0.000172699 0.0280801 0.999584
1015 -11.98 -0.598452 -0.18226 -0.00642807 0.000143637 0.028013 0.999587
1016 -11.723 -0.584816 -0.180758 -0.00639145 0.000324956 0.027929 0.999589
1017 -11.4692 -0.569129 -0.172161 -0.00632956 0.0005726 0.0278747 0.999591
1018 -11.2175 -0.554326 -0.169387 -0.00538012 0.000559029 0.0275959 0.999605
1019 -10.9673 -0.537894 -0.166829 -0.00575818 0.000667799 0.0279598 0.999592
1020 -10.7215 -0.523161 -0.166287 -0.00538327 0.000681223 0.0278253 0.999598
1021 -10.472 -0.5136 -0.160972 -0.00495504 0.00067735 0.028445 0.999583
1022 -10.226 -0.500265 -0.15743 -0.00384371 0.000705418 0.0298877 0.999546
1023 -9.97538 -0.480546 -0.159502 -0.00332286 0.00060393 0.0320789 0.99948
1024 -9.7381 -0.458915 -0.151177 -0.00376161 0.000707804 0.0352155 0.999372
1025 -9.50168 -0.427333 -0.145087 -0.00419751 0.000377223 0.0388365 0.999237
1026 -9.26718 -0.408568 -0.138665 -0.00506873 0.000339012 0.0427968 0.999071
1027 -9.03632 -0.364289 -0.136239 -0.00610404 0.00034588 0.0457041 0.998936
1028 -8.8039 -0.338068 -0.134795 -0.00698534 0.000151405 0.0479888 0.998823
1029 -8.56256 -0.31131 -0.130455 -0.00633115 6.42073e-06 0.0504054 0.998709
1030 -8.33025 -0.285839 -0.123049 -0.00621795 -0.000137734 0.0528872 0.998581
1031 -8.09649 -0.252246 -0.121856 -0.00634452 -0.000168884 0.0548961 0.998472
1032 -7.8721 -0.219525 -0.119841 -0.00779457 -0.000220148 0.0560616 0.998397
1033 -7.63354 -0.181208 -0.119057 -0.009075 -0.00049861 0.0563796 0.998368
1034 -7.40371 -0.155518 -0.111386 -0.00922395 -0.000531567 0.0559712 0.99839
1035 -7.17816 -0.13053 -0.108216 -0.00862741 -0.000508369 0.0552578 0.998435
1036 -6.95244 -0.108222 -0.1028 -0.00835279 -0.00038562 0.0544089 0.998484
1037 -6.72301 -0.081142 -0.0988356 -0.00840039 -0.000151989 0.0533231 0.998542
1038 -6.50126 -0.0555819 -0.0974179 -0.00820384 -0.000239287 0.052067 0.99861
1039 -6.27489 -0.0387675 -0.0942323 -0.00854831 -0.000402968 0.0507943 0.998672
1040 -6.0552 -0.0136285 -0.092344 -0.00854831 -0.000549809 0.0493577 0.998744
1041 -5.83552 0.00391073 -0.0856038 -0.00843025 -0.000527059 0.0477925 0.998822
1042 -5.61626 0.0278132 -0.0795265 -0.00819975 -0.000362169 0.0458667 0.998914
1043 -5.39164 0.0425367 -0.0782037 -0.00792163 -0.000525544 0.0436318 0.999016
1044 -5.16457 0.0635456 -0.0771712 -0.00795019 -0.000874796 0.0417437 0.999096
1045 -4.94099 0.0853742 -0.0693561 -0.00842098 -0.00164807 0.0397385 0.999173
1046 -4.70478 0.101254 -0.067842 -0.00768945 -0.00242328 0.0374138 0.999267
1047 -4.45326 0.113742 -0.0644795 -0.00730371 -0.00263062 0.0350416 0.999356
1048 -4.18453 0.132139 -0.0592775 -0.0070142 -0.00247265 0.0326924 0.999438
1049 -3.90661 0.145228 -0.0549897 -0.00686887 -0.00221439 0.0303903 0.999512
1050 -3.60955 0.153043 -0.0521303 -0.00568654 -0.00180368 0.027673 0.999599
1051 -3.30413 0.162228 -0.0443121 -0.00493316 -0.0010364 0.025208 0.99967
1052 -2.99467 0.170441 -0.038993 -0.00499831 -0.000511601 0.0227638 0.999728
1053 -2.67162 0.185462 -0.0350548 -0.00479389 -5.55919e-05 0.0205377 0.999778
1054 -2.34067 0.195841 -0.0326865 -0.00504125 0.00021344 0.0183326 0.999819
1055 -2.00626 0.209183 -0.0317306 -0.00466202 0.000557643 0.0163686 0.999855
1056 -1.65799 0.216049 -0.0260108 -0.00433242 0.00125957 0.0142002 0.999889
1057 -1.30813 0.214553 -0.0219733 -0.00425736 0.00133118 0.0123072 0.999914
1058 -0.947265 0.223324 -0.00632015 -0.0036719 0.000504155 0.0110303 0.999932
1059 -0.569052 0.230836 -0.00326628 -0.00295263 -0.000438128 0.0103801 0.999942
1060 -0.19063 0.244137 0.00295074 -0.00328619 -0.001472 0.00968681 0.999947
1061 0.19132 0.259209 0.0092052 -0.0043671 -0.0016382 0.00825993 0.999955
1062 0.586414 0.2753 0.00292071 -0.00657432 -0.000953203 0.00582805 0.999961
1063 1.00101 0.279134 -0.0019305 -0.00574246 -0.000626217 0.0016223 0.999982
1064 1.41946 0.266795 0.0130795 -0.00142272 -0.000577011 -0.0023681 0.999996
1065 1.83359 0.240355 0.0316601 0.00230199 -0.00177257 -0.00406357 0.999988
1066 2.23056 0.222629 0.0471641 0.00398574 -0.00344244 -0.00252462 0.999983
1067 2.60529 0.239859 0.0512246 0.00244968 -0.00493326 0.00318654 0.99998
1068 2.97694 0.279231 0.0623828 -0.000475862 -0.0064416 0.011732 0.99991
1069 3.34185 0.320091 0.0567189 -0.00357248 -0.00807734 0.0204823 0.999751
1070 3.71267 0.355758 0.0596826 -0.00386861 -0.00918776 0.0300863 0.999498
1071 4.07942 0.394206 0.0736975 -0.00240796 -0.00898585 0.0415035 0.999095
1072 4.43634 0.436459 0.0982435 -0.00236998 -0.00607382 0.0537647 0.998532
1073 4.79745 0.488392 0.105735 -0.00414061 -0.00292487 0.0664796 0.997775
1074 5.14837 0.565578 0.114343 -0.00657313 -0.00113073 0.0798221 0.996787
1075 5.49898 0.66396 0.115488 -0.00768323 -0.000377951 0.0929406 0.995642
1076 5.84645 0.758487 0.114709 -0.0080443 0.000971926 0.104916 0.994448
1077 6.17791 0.837299 0.12772 -0.00832879 0.00250419 0.115331 0.993289
1078 6.51022 0.923878 0.13453 -0.0103367 0.00397932 0.122846 0.992364
1079 6.84451 1.02352 0.133978 -0.0132274 0.00557068 0.126949 0.991805
1080 7.17974 1.12577 0.136557 -0.0151648 0.00661158 0.127956 0.991642
1081 7.51132 1.21343 0.134153 -0.0160268 0.00673416 0.125574 0.991932
1082 7.84897 1.301 0.135224 -0.0152084 0.00673484 0.121504 0.992452
1083 8.16999 1.36372 0.136414 -0.0125032 0.008386 0.117167 0.992998
1084 8.46049 1.41172 0.146448 -0.0112195 0.00979994 0.112285 0.993564
1085 8.71036 1.46505 0.140179 -0.0114879 0.0103181 0.107144 0.994124
1086 8.91717 1.5084 0.142961 -0.0121566 0.0103914 0.102159 0.99464
1087 9.08025 1.53979 0.136843 -0.0119489 0.00981461 0.0972632 0.995139
1088 9.19943 1.55664 0.145456 -0.0105927 0.00933633 0.0934101 0.995528
1089 9.2832 1.5625 0.146893 -0.00979 0.0088566 0.0906585 0.995795
1090 9.34129 1.56494 0.142153 -0.00985095 0.00858038 0.0887503 0.995968
1091 9.37611 1.57436 0.139983 -0.0102548 0.00793474 0.0878421 0.99605
1092 9.37629 1.57344 0.139702 -0.01034 0.00759834 0.0878683 0.996049
1093 9.34959 1.56588 0.142915 -0.0105721 0.00675662 0.0880479 0.996037
1094 9.32453 1.56391 0.148415 -0.0106209 0.00426567 0.0880295 0.996052
1095 9.30762 1.56674 0.147361 -0.0105525 0.00251291 0.0882147 0.996042
1096 9.30475 1.56615 0.145664 -0.0103975 0.00286915 0.0881695 0.996047
1097 9.31033 1.56293 0.145819 -0.0102928 0.00347259 0.0881311 0.99605
1098 9.31475 1.56418 0.148179 -0.0102414 0.00364473 0.0881591 0.996047
1099 9.31761 1.56272 0.145875 -0.0104212 0.00398374 0.0880806 0.996051
1100 9.31749 1.56443 0.148736 -0.0104536 0.00395826 0.0880163 0.996056
